"code","cont","reg","year","inv","def","eco","edu","amb","gob1","faid","gobo","gobr","gobg","sal","viv","gobd","seg","cul","soc","gobt"
"DNK","Europe","Europe & Central Asia",1995,0.814099218221621,1.70470716837613,3.89770020347656,6.36633692979045,0.510862213852036,1.46958512585349,1.23648916576538,1.00648056938705,0.0487224585449062,0.349643940132158,6.77782462423407,0.697551238177568,5.93786873494307,0.942803692872917,1.60301712618538,25.16240015514,0
"DNK","Europe","Europe & Central Asia",1996,0.838400623515658,1.6327764828717,4.01627169988897,6.42761556730366,0.508168937449909,1.48094159687654,1.26329933898517,0.991062697146387,0.0404402844054911,0.352381932751483,6.70536679337956,0.652467224987684,5.69399204429314,0.924887686301037,1.61954148070263,24.8507385866488,0
"DNK","Europe","Europe & Central Asia",1997,0.817447250702146,1.62084721702356,3.88298350360212,6.40242066992459,0.55028709682767,1.5560203083597,1.16348159762121,1.0175119903606,0.0483366183038733,0.278764432275948,6.53460474344511,0.628201537523263,5.0804054342923,0.900858454851068,1.57338310085514,23.8522016282635,0
"DNK","Europe","Europe & Central Asia",1998,0.784241311245401,1.61367704705026,3.84295949281063,6.68944937845018,0.566110758380994,1.67320552417522,1.2249712686564,0.940988391946961,0.0621423337692572,0.315855064178612,6.59417008786774,0.59098455547995,4.57214117861326,0.912826194553566,1.51595253573606,23.4957887396742,0
"DNK","Europe","Europe & Central Asia",1999,0.827372231319486,1.57613121324569,3.88797289776009,6.48406269406639,0.573248458946727,1.63227202761774,1.15954542855095,0.960112636032737,0.0593626688553798,0.318641408401469,6.87519582834281,0.625523047938778,4.20290917350572,0.922336392215677,1.57661449141819,22.8518889330104,0
"DNK","Europe","Europe & Central Asia",2000,0.79779276831679,1.43656959660444,3.71238161413991,6.28836447960715,0.502972693722488,1.55594459613343,1.10316366357653,0.886042846882722,0.0724238475677721,0.316072441934689,6.68839130883684,0.712255757921971,3.79889834359652,0.902698070933167,1.56393307463726,22.3486729705308,7.53630047531447e-05
"DNK","Europe","Europe & Central Asia",2001,0.904539906644132,1.48068647623158,3.38659274414047,6.39462904822803,0.605238252865786,1.586918512664,1.12305563292274,0.925684237848936,0.0802026356044289,0.348298172983961,6.93242417569919,0.454748943877112,3.42217354975407,0.920799168225757,1.61200006416211,22.6595048143455,0
"DNK","Europe","Europe & Central Asia",2002,0.728937396473872,1.47056737990969,3.54002632116358,6.57589457920174,0.68114519752218,1.48786900682989,1.10014238388056,0.893090127294593,0.0672919833904382,0.416160854076377,7.07558541898301,0.551241179006603,3.1232982006308,0.929891538653536,1.58586428717297,22.9871967960791,0
"DNK","Europe","Europe & Central Asia",2003,0.738402130918997,1.4580118614847,3.44012288837801,6.56662149530433,0.623838090246675,1.46671204683345,1.05439286278555,1.08745356711079,0.0673046338579197,0.376892029307792,7.14480101284078,0.534539387827118,2.79721399184688,0.940385633975546,1.60403577237809,23.7372376981119,0.00146163113858978
"DNK","Europe","Europe & Central Asia",2004,0.755510284846899,1.43226901425098,3.4559051050397,6.62980527250296,0.563611469307478,1.44448679351023,1.00816599181143,0.975231108590825,0.0497343297020854,0.377489538526509,7.20955217854956,0.421181379573201,2.53611880993518,0.942030621473278,1.74886885940391,23.4475120218964,0
"DNK","Europe","Europe & Central Asia",2005,0.918231784325557,1.38198202628906,3.26636540240343,6.37629785439062,0.623335811291798,1.43046930515649,0.96419696806334,1.01766538481182,0.0419928839085917,0.362803384399454,7.25114960248628,0.290608411313362,2.07486461078082,0.938093283471513,1.56426645178416,22.7392727412589,0
"DNK","Europe","Europe & Central Asia",2006,0.977256785514724,1.53079785526613,3.13851604389333,6.19131406560223,0.574405858785206,1.55653703945882,0.919655701259021,1.11807925053202,0.0376873967163221,0.340613222688526,7.34838847740539,0.182908706145305,1.80299121419995,0.908183039482601,1.53418615434,21.6682320212096,0
"DNK","Europe","Europe & Central Asia",2007,1.11033409514126,1.41340866298683,2.92009758195953,5.94123918966947,0.518849857894259,1.55120119895609,0.936713199443769,0.988126608106756,0.04134926267191,0.389971279802812,7.66709645362499,0.323835463290021,1.70613153781301,0.914112003018094,1.70607402840735,21.4627977405705,0
"DNK","Europe","Europe & Central Asia",2008,1.36771636496861,1.40418658095888,2.77700988637058,6.10551383037186,0.455350352767462,1.94657696214758,0.9015415188707,0.93640193841696,0.0300310302142139,0.347382970574031,7.88628175878588,0.376692367899549,1.53097192848063,0.969041949074922,1.77749282530378,21.5984723586849,0
"DNK","Europe","Europe & Central Asia",2009,1.56537523306717,1.37735368084996,3.31499765118228,6.93571904307598,0.440613816622661,1.75566140558595,0.957179514128618,1.10797999933803,0.0425632482319993,0.439046002567731,8.87104032591951,0.504371588189831,2.01313131371785,1.07453329949952,1.86366637381449,24.2731294671813,0
"DNK","Europe","Europe & Central Asia",2010,1.56538698986044,1.348315723558,3.36893942656961,7.13160007642499,0.411226079917125,1.84049486284917,1.00694340906255,1.06580832126768,0.0433479888189799,0.443640435887496,8.55010088761219,0.255891184951787,1.98743626189033,1.0397995279763,1.7778197452574,24.8365201007661,0
"DNK","Europe","Europe & Central Asia",2011,1.58994701259547,1.34840111887567,3.40866143181865,6.81889310145794,0.383517051158348,2.19730417239262,0.950643635068067,0.917776933098123,0.0418008137080679,0.416221314733054,8.4496121512583,0.280043793391356,2.06616224130332,1.06077686703984,1.80680227023901,24.6926936292744,0
"DNK","Europe","Europe & Central Asia",2012,1.6386262389169,1.40295366442885,3.64221251481529,6.97207707432499,0.399894037051148,1.68242566498611,0.95329714691594,2.51134299594407,0.0487070726046727,0.432189517478082,8.65381672420398,0.281793897842852,1.90173941768927,1.01920736759117,1.83424608522841,24.5804489916106,0
"DNK","Europe","Europe & Central Asia",2013,1.67898565407579,1.31141118435883,3.48529831676493,6.88312085390457,0.473136177712643,1.68313142562201,1.01851242461821,0.862216837325625,0.04928285925572,0.479095724310338,8.51256453800299,0.279062247205102,1.75210669972229,1.01421118663901,1.81413780648264,24.5241042931019,0
"DNK","Europe","Europe & Central Asia",2014,1.73488831066569,1.13811822841611,3.6371528873163,7.12671584648427,0.464171333533552,1.48225917578798,0.961757349842138,1.02868766609545,0.0430049995835783,0.496021280408245,8.55961012838406,0.225574346407291,1.56034454475018,1.01157652189495,1.74977853939475,23.9981021267789,0
"DNK","Europe","Europe & Central Asia",2015,1.65403298833799,1.118026514028,3.62623234837131,7.0104146819122,0.423059622187869,1.50175116728116,0.856971963644864,1.2961878964189,0.0312813673051274,0.399880963839329,8.52414803698371,0.235813384300191,1.6259927046155,0.979052778590777,1.76005570735176,23.4847443177912,0
"DNK","Europe","Europe & Central Asia",2016,1.6796843753214,1.1166470496368,3.29199472816129,6.81982234208291,0.404625048090292,1.32891093106614,0.788490326709253,0.917286602901797,0.026092554289654,0.465714002750193,8.46674818209175,0.256735497682143,1.41066442689704,0.984089255581331,1.73591668666461,22.9749225793918,0
"DNK","Europe","Europe & Central Asia",2017,1.57621413849987,1.17443586446147,3.2738203186587,6.47216086557484,0.407241834158453,1.34224521100591,0.835832873828032,0.943359409972237,0.0189158552055561,0.374001350738981,8.38018297876052,0.210278196217104,1.14018531110384,0.940329200157755,1.70008544273431,22.3810378652264,0
"DNK","Europe","Europe & Central Asia",2018,1.56721537122461,1.17924623782395,3.33262111946525,6.48877813338491,0.401328766168192,1.62924545064021,0.856141045335037,1.03755316301676,0.0150239641224138,0.443521815110779,8.40671760120372,0.239393823531396,1.13021593574781,0.951277824134154,1.63153952899423,22.156253725066,0
"GEO","Asia","Europe & Central Asia",2003,NA,0.695094736565016,1.04604943198755,1.86380794559345,0,NA,NA,NA,NA,NA,0.335053835435751,0.708724045125114,1.91378207698048,1.29024121035598,0.56448052953074,4.61011362045327,0
"GEO","Asia","Europe & Central Asia",2004,0,1.58809711081213,1.1910728331091,2.83461473083238,0,0,0,0,0,0,0.944541548450608,1.39206018566201,1.51483078525097,2.6940225925934,0.796028726367179,5.93160211401215,2.7821402003629
"GEO","Asia","Europe & Central Asia",2005,0,3.31456081878045,3.22248968492544,2.41644875854019,0,0,0,0,0,0,1.71001205877992,2.19882607851925,1.02031556517509,2.39887154207696,0.899786080855804,5.25223968127458,NA
"GEO","Asia","Europe & Central Asia",2006,NA,5.09413763646063,3.30674567152139,2.91950092457914,0,NA,NA,NA,NA,NA,1.59271154571145,3.16426217628945,0.742042757346522,2.6994274071912,0.980455734516793,4.86701048069487,NA
"GEO","Asia","Europe & Central Asia",2007,NA,8.57538441415478,2.02507743006806,2.62321364104067,0.441304324076447,NA,NA,NA,NA,NA,1.49848861275245,2.85445481734013,0.564365841166507,4.1520383487037,1.01196633588477,4.71697656901946,NA
"GEO","Asia","Europe & Central Asia",2008,NA,7.91465040578225,3.91984522062033,2.82400192946473,0.448739923786378,NA,NA,NA,NA,NA,1.59659625156267,2.72762483219698,0.614467736548393,5.1533700793013,1.03057202951394,5.96416153250623,NA
"GEO","Asia","Europe & Central Asia",2009,NA,5.66278786453743,5.43673062765684,3.13451613626768,0.621386998028221,NA,NA,NA,NA,NA,1.96745509036264,1.89120133342445,0.925861218994181,4.77316070025855,1.29523225437562,7.09700746311953,NA
"GEO","Asia","Europe & Central Asia",2010,NA,3.09693584873216,4.84749739684653,2.8036480500952,0.568245109859113,NA,NA,NA,NA,NA,2.08417641906391,2.49386281278491,0.94447836404809,3.96717573875027,1.43023628054056,6.51373870285276,NA
"GEO","Asia","Europe & Central Asia",2011,NA,2.82824205681559,4.24157811657037,2.57626711919755,0.434872633770702,NA,NA,NA,NA,NA,1.56483500978681,2.73600824008625,1.13035486034262,3.45582449490165,1.60761580137617,6.09057177874887,0
"GEO","Asia","Europe & Central Asia",2012,NA,2.63668913219958,5.44893717304819,2.78249851867168,0.325041075636805,NA,NA,NA,NA,NA,1.52787669451877,1.81618996499887,0.931049860722375,3.33965932289884,1.4529519719991,6.36235768729534,0
"GEO","Asia","Europe & Central Asia",2013,NA,2.22641525081822,4.29894694675738,2.88671559539013,0.469344842381094,NA,NA,NA,NA,NA,1.83471165658064,1.11845365568908,0.830621460994857,3.17314884867635,1.15132877877687,6.99190915714071,NA
"GEO","Asia","Europe & Central Asia",2014,0.0963883443324102,2.07684752588233,4.18968003364876,2.99767750873796,0.523388709724987,1.65916470044189,0,0.234544971208865,0,0.111489184944488,2.22978369888976,1.03810246846006,0.798416785553464,3.06836229458172,1.26140213283014,7.66223078546439,0
"GEO","Asia","Europe & Central Asia",2015,0.109326603694509,1.94754588629923,3.79431091420621,3.16487257056343,0.392514922159263,0.967731985263528,0,0.12612341342655,0,0.127302136916518,2.66951402390448,1.2099596624519,0.971857517478415,2.97657149304108,1.68999480374127,7.27036648612112,0
"GEO","Asia","Europe & Central Asia",2016,0,2.03510333708144,4.0495570585117,3.59414931874523,0.399877016596422,1.01657499753019,0,0.253934462737435,0,0.121107205305546,2.91857202831959,1.28864763617744,1.12428785754849,2.82090492726673,1.30790200752786,7.40651484612856,0
"GEO","Asia","Europe & Central Asia",2017,0,1.71214798615882,4.80991165161626,3.57468237660413,0.354745090698619,1.2141310192721,0,0.235515412911946,0,0.0937155080545451,2.78766837179004,1.11649025433569,1.17929436444555,2.58159238549209,1.1520628948276,6.77572936376566,0
"GEO","Asia","Europe & Central Asia",2018,0,1.63858916844651,5.01061195228164,3.52112812004434,0.343278601107227,1.15607084736046,0,0.204487318229778,0,0.0952928840434822,2.73098194741086,0.934991356379579,1.16593646359084,2.63210156655632,1.25831450647535,6.54067934219393,0
"GEO","Asia","Europe & Central Asia",2019,0,1.61453066723023,5.8283497132529,3.80863644577388,0.539376837547372,1.0699540529768,0,0.102995577062253,0,0.121394786945219,2.65548596550019,1.25974590274783,1.22114756027596,2.48109345443556,1.14935064345004,6.66631372857492,0
"TUR","Asia","Europe & Central Asia",2008,NA,1.48721319890697,3.78663604487537,3.34717369777446,0.325960357364505,NA,NA,NA,NA,NA,5.24170099140313,1.20013484425442,4.60245670820225,1.56364131206704,0.698494396010037,9.50900004930044,0
"TUR","Asia","Europe & Central Asia",2009,NA,1.66929309256999,4.01679215287292,3.79210695456967,0.323580236693981,NA,NA,NA,NA,NA,6.88307670054164,1.26160757369889,4.5808209269447,1.73180723915416,0.741590108431482,10.8174330506754,0
"TUR","Asia","Europe & Central Asia",2010,NA,1.48231699799226,4.43422777894485,3.81198955636985,0.32829396736222,NA,NA,NA,NA,NA,6.39531266819097,1.22201150939309,3.51857716540922,1.75573997630316,0.762611833881989,9.63049894237231,0
"TUR","Asia","Europe & Central Asia",2011,NA,1.34073806700181,3.94223856989366,3.77217966372933,0.373290028161634,NA,NA,NA,NA,NA,5.62868159889868,1.16272627644988,2.98464671565308,1.71505558275956,0.768813027987084,9.05784759136889,0
"TUR","Asia","Europe & Central Asia",2012,NA,1.37495894883673,4.19583923787505,3.95017768023794,0.341453994182398,NA,NA,NA,NA,NA,5.20852899200613,1.05709428389236,2.81593154133875,1.8596504134479,0.791626291474324,9.33149357071928,-0.00924811660577663
"TUR","Asia","Europe & Central Asia",2013,NA,1.34159343202693,3.75196390876615,3.54676326230793,0.317385977050186,NA,NA,NA,NA,NA,5.25031553269668,0.839874094586574,2.30587378062233,1.72244454103684,0.76714555263063,9.38417195859766,0
"TUR","Asia","Europe & Central Asia",2014,0.0739211487825774,1.38390880690986,3.5242380610388,3.7487607476019,0.326285462983104,0.985129942616729,0.0235385557999041,0.20897192126926,0.0415610688809462,1.23251842566573,5.11264075325693,1.08369936732635,2.29378466538208,1.86603072614364,0.800589322265769,9.02550740602846,0
"TUR","Asia","Europe & Central Asia",2015,0.0779104722755097,1.31040219778213,3.46316625778072,3.72699141191044,0.35340601512705,1.07120459147323,0.0121094342881536,0.159896334035185,0.0587086474346258,1.20699018311068,5.21478596044128,0.731715828671636,2.03121305356758,1.93456725886052,0.818533333861687,9.17548323125554,0.108187800202503
"TUR","Asia","Europe & Central Asia",2016,0.0703553606894461,1.41251038022756,4.34810763912697,3.90732911266324,0.375418172382654,0.921446918585189,0.0181843887970936,0.140847052010895,0.0699520589863773,1.25998703518659,5.34150330227313,0.917844899594213,2.06222559758795,2.09571415625598,0.810073775993344,10.4030865613059,0.0979155524021574
"TUR","Asia","Europe & Central Asia",2017,0.0563851877632749,1.51574188947313,3.6032148939721,3.67418100163475,0.379373476355142,1.41998244662378,0.0160681524971191,0.175741954515522,0.0415940409411661,1.30560609417685,5.29216796187319,1.33421095282226,2.2396065114616,2.02729588560728,0.801166303100648,10.0120313406972,0.0968525173356573
"TUR","Asia","Europe & Central Asia",2018,0.0579846152720377,1.83205889647288,4.10156953352346,3.71256493217342,0.375951627538741,1.02409662893082,0.0190745702866292,0.195871428331768,0.0388344140218352,1.34859097845357,5.13497397169122,0.881592402093188,3.02893276258939,2.08901296234615,0.769577775144815,9.86904243921738,0.0920825978203986
"TUR","Asia","Europe & Central Asia",2019,0.0512668425389356,2.00104552521836,3.58212431292599,3.92811697627095,0.308537435919256,0.870365847304851,0.0131093295989972,-0.103001875420693,0.0243458978267091,1.33691752392631,5.57380603128792,1.01878218597921,2.64457315142628,2.17544642791931,0.676769140548231,10.9301376483353,0.115408919505458
"CZE","Europe","Europe & Central Asia",1995,0.198367799239433,1.69201996662983,18.78619329861,5.25255492304502,1.13404355771104,1.89587171837446,0.0710392468200955,0.379149130100155,0.0461408417677994,0.166787796881963,6.77759799098236,1.11450303729025,1.03003756192296,1.86738037892221,1.37413982313938,11.0678768342088,0
"CZE","Europe","Europe & Central Asia",1996,0.161520770020161,1.67152273884671,7.22746326048675,4.73266305238508,1.19696954698291,1.62230207518718,0.0731435560527118,0.391125541839764,0.0641243506447082,0.163720576217235,7.16196403096887,1.28111213402099,1.12250610721195,1.83139365421906,1.49790303474264,11.4837582808955,0
"CZE","Europe","Europe & Central Asia",1997,0.174960752530345,1.75787821159172,7.86251260386221,4.60376009904402,1.04062591736972,1.81526247941901,0.0688713321165554,0.395563440503389,0.0552400158266219,0.145094385378244,6.49330559420031,1.20971550370777,1.08841210481308,1.9308478729786,1.32463720021953,11.9408799091246,0
"CZE","Europe","Europe & Central Asia",1998,0.169261023980276,1.52381511459479,8.75656742556918,4.51479205307146,1.01141964480809,1.69125913336306,0.0538578980790528,0.310148812726864,0.0634088229114107,0.117592850131081,6.56018084326746,1.37398206941985,1.08880543088881,1.68557516834087,1.34365205934246,11.7944603704175,0
"CZE","Europe","Europe & Central Asia",1999,0.176550570210625,1.75306377003028,7.68764239657477,4.23748125348675,0.843241912632664,1.91873322401676,0.0678731921850396,0.352253840387403,0.0578839707333649,0.147653179582566,6.67632291406995,1.20298766910882,0.922352978950837,1.91289131325708,1.24753781299375,12.1396689375794,0
"CZE","Europe","Europe & Central Asia",2000,0.174792478585925,1.71619400410105,6.74920032125841,4.40318181990113,0.872953732317444,2.06657748425754,0.0602674715778352,0.332815974494335,0.0600153064247899,0.135118494506792,6.8019868932959,1.2248081758667,0.767296533191448,1.87442763763699,1.29663321695912,12.412283300825,0
"CZE","Europe","Europe & Central Asia",2001,0.168009378933765,1.71599289649337,8.563922799009,4.54653236818467,0.864654525604201,1.88057589643614,0.0602731213417077,0.406298463307959,0.0412722923916086,0.131058996405806,7.06908709193481,1.26254278593425,0.97063865757586,1.87932994043941,1.30583975682054,12.3425179758355,0
"CZE","Europe","Europe & Central Asia",2002,0.146514600744916,1.77186084357208,8.28223283925831,4.92820821854057,0.89523441590308,2.15024813137016,0.0605225749577498,0.329163751788082,0.0450842841182499,0.151213211000416,7.30081994478014,0.745214502745331,1.27410648094975,2.01383927173033,1.3780352649345,13.2587696204269,0
"CZE","Europe","Europe & Central Asia",2003,0.149766117203996,1.95382691747955,11.3392770093176,5.24202759624848,1.0606387316742,2.28805194453992,0.0468619568443009,0.771959114454903,0.0352621102754003,0.110767860027569,7.40664436364878,1.18147639715882,1.04604996758448,2.10195624651738,1.41699598132923,13.1074707993433,0
"CZE","Europe","Europe & Central Asia",2004,0.125912506481751,1.26764766963902,6.91395499803425,4.79156516821206,1.01974109567391,2.7327193574805,0.0535519996447282,0.325328397841724,0.0377476290178694,0.137700477135255,7.2031684497741,1.39829495657717,1.05983978809082,2.01153065982594,1.3860824883655,12.0107012569046,0
"CZE","Europe","Europe & Central Asia",2005,0.129252348671381,1.50631054683851,6.33256874341295,4.77320960228562,1.08176864993472,3.45281416360713,0.0291583497476669,0.296116518235761,0.0360497664422311,0.0915180137038118,6.91910487541697,1.33601598318617,1.02185926746997,2.05713382610536,1.34747104915847,11.7331729215717,0
"CZE","Europe","Europe & Central Asia",2006,0.143674643403919,1.14714822770908,6.4943671682801,4.9096190558068,1.07048569260174,2.56795295374229,0.0342462048771378,0.307020215793792,0.0367513304209351,0.091209343662801,6.97216293108798,1.20798292415334,0.980386575032211,2.04668756928238,1.48457155805714,11.7184648818406,0
"CZE","Europe","Europe & Central Asia",2007,0.1400998979979,1.10137269255077,6.3567334016125,4.68748738645203,0.957028132215763,2.58169217239996,0.0255981783888356,0.212858097813166,0.0331500316266405,0.144526846447647,6.76560115225656,0.971923511705503,1.01215666085174,1.92741523240047,1.4103997352164,11.9175275128336,0
"CZE","Europe","Europe & Central Asia",2008,0.146292963151916,1.02884682527869,6.6824597793752,4.6846798937506,0.908124689217535,2.63620565704228,0.0252726250255646,0.297729911928505,0.0383935158942943,0.124375111359834,6.92653816974009,0.90720523284984,0.971890230825794,1.89062594352997,1.42749328610475,11.9000764639796,0
"CZE","Europe","Europe & Central Asia",2009,0.142351597505501,1.01549228082879,7.26041488303126,5.05268026813494,0.684890554647112,2.75699043025802,0.029666123805436,0.262033798518169,0.0389272465028449,0.135507526061537,7.79697481865119,1.00666368309252,1.2025720478454,1.99633167947661,1.62629385389663,13.1210517785808,0
"CZE","Europe","Europe & Central Asia",2010,0.130398661035154,0.982519967373836,6.60641964191977,5.05869580140034,0.990242435010135,2.52602925856235,0.0258929797217085,0.256936088252158,0.0330097636218272,0.119673011540294,7.78311172038408,0.932727716895346,1.28687604480445,1.95547517908049,1.53384358823197,13.218946594846,0
"CZE","Europe","Europe & Central Asia",2011,0.201524386086909,0.888973177597549,6.43303819889904,5.06282607644738,1.28262623783547,2.44903322090707,0.0234273028480907,0.226860580278178,0.0431607769931491,0.13632459085889,7.68294058513717,0.880469934341575,1.28165939676554,1.7714263756723,1.42361149846731,13.2048426342205,0
"CZE","Europe","Europe & Central Asia",2012,0.206063579703205,0.807948546668007,6.13882763961386,5.03168541584153,1.32500408875857,4.29588129003781,0.0234487841115768,0.25372471127453,0.0418481976949254,0.120544484708043,7.72602952970409,0.707773961603109,1.36635966493855,1.71360857082617,1.36411823704553,13.3187862199969,0
"CZE","Europe","Europe & Central Asia",2013,0.234497311943404,0.767301558174854,5.85706449383719,5.10921083968095,1.01185224082801,2.73595651477943,0.0226688868673697,0.202604701463693,0.0423852061233812,0.120518441590892,7.64651567740197,0.825718474386354,1.28619701483214,1.74460143753441,1.36142648545873,13.5441596748564,0
"CZE","Europe","Europe & Central Asia",2014,0.255390330866901,0.699825605749377,6.27302355307596,5.11369471246739,1.0397587828241,2.78880121396758,0.0196810738772805,0.211275980350453,0.0385739775403943,0.119709146645791,7.59184095466885,0.852707445820832,1.2316782299737,1.69104237597156,1.36636261068865,13.0750020457653,0
"CZE","Europe","Europe & Central Asia",2015,0.276797229111992,0.920539546797575,6.52487291066615,4.92455801329175,1.08708352853039,2.61863973995291,0.0261761706329476,0.150833927537484,0.053092149912213,0.107381049105234,7.56641468929234,0.667372676212084,1.02028315958347,1.83516062442461,1.33089399564775,12.540452845576,0
"CZE","Europe","Europe & Central Asia",2016,0.199329277116773,0.725546823713976,5.94917355111902,4.46521490187689,0.741863972030143,2.6941331672256,0.0441905289230892,0.168205050765627,0.0343331256986697,0.109123551014159,7.44764565361924,0.591255434680022,0.924393717268702,1.73674860895262,1.29398341858938,12.3095686022831,0
"CZE","Europe","Europe & Central Asia",2017,0.582434018251858,0.810894291900944,5.83176994599255,4.1162078407978,0.811805676220418,2.51999745604899,0.0449946475983933,0.172429950704015,0.0410915451867318,0.105502641330447,7.47959242100725,0.59249887117127,0.754031835446787,1.76939321815153,1.32287433971692,11.9560348204286,0
"CZE","Europe","Europe & Central Asia",2018,0.587887788816039,0.877018160772776,6.00828939234768,4.6394286977517,0.864501125782502,2.69163167714382,0.0463524384197534,0.194060957772741,0.0644430257220378,0.107943006392883,7.6002423087793,0.783206079938627,0.756407990034413,1.88652547751456,1.49436883554793,12.0109489338752,0
"LTU","Europe","Europe & Central Asia",1995,NA,1.2487415281546,6.39323753768705,5.24866304881163,0.138318054259978,NA,NA,NA,NA,NA,4.09907544868053,0.6150533362165,NA,1.84621675703759,0.891663670385527,9.81113555284298,NA
"LTU","Europe","Europe & Central Asia",1996,NA,1.26261555249017,5.75140515945729,5.31399394700541,0.129717321035186,NA,NA,NA,NA,NA,4.26992444050977,0.568878548928373,NA,1.93371559160816,0.9009491260217,10.2830701447366,NA
"LTU","Europe","Europe & Central Asia",1997,NA,1.49995735389444,6.40732148340214,5.13562314489441,0.144595885503736,NA,NA,NA,NA,NA,4.56635734024769,0.650677220156255,NA,2.36442803043226,1.14865579475282,10.7418375353963,NA
"LTU","Europe","Europe & Central Asia",1998,NA,1.56400371681552,7.16513719196124,5.74014544728496,0.175089656655327,NA,NA,NA,NA,NA,5.4342146691343,0.785261751357329,NA,2.58246492447339,1.09234443514387,12.0178161405018,NA
"LTU","Europe","Europe & Central Asia",1999,NA,1.18537456439141,6.18471377663801,6.68493797248291,0.0943510513605148,NA,NA,NA,NA,NA,5.87528417806657,0.392625923332888,NA,2.1751638202972,1.05877077744826,13.1716789515501,NA
"LTU","Europe","Europe & Central Asia",2000,0.267979234302299,1.27407579180443,6.04997681064018,5.96552265824868,0.104905671668587,2.64183659729807,0,0.515918373453419,NA,0.0842297392319086,4.94202660043985,0.391548600409928,1.3025239000015,2.03709549527984,0.916563187265301,12.2172169776036,0.12451938181655
"LTU","Europe","Europe & Central Asia",2001,0.285427454295678,1.3030258198598,4.35880798900983,5.97179189122547,0.0911902497446194,2.90469548064391,0,0.472943745817042,NA,0.0838986931557998,5.47254218183099,0.34780372679559,0.82455880798901,1.92242770087006,0.818796012540068,11.2981718271161,0.0638134488710416
"LTU","Europe","Europe & Central Asia",2002,0.29014412482486,1.48887982581354,4.23979581768308,6.0484472539978,0.104084304142191,1.99870412640359,NA,0.567191374875839,0,0.0845277955019372,5.07116779918564,0.408213338946593,0.927049552364476,1.90625637247486,0.906210326204932,10.516290512495,0.0867380164582525
"LTU","Europe","Europe & Central Asia",2003,0.279390943341892,1.39839456696504,3.85329725708526,5.69214201723021,0.108690696167599,1.79345348083799,0,0.670958220345084,8.39912649084495e-05,0.0767020229896091,5.00994696551559,0.349985601497444,0.89923447961412,1.86142641165319,0.827655923783926,10.1436610592498,0.20885627894699
"LTU","Europe","Europe & Central Asia",2004,0.313667218633826,1.4009091008784,4.22634308962704,5.77365142725548,0.419688778251763,3.09808200550505,0.00203423658555308,0.0545789514086129,0.000762153329897246,0.499133667437959,4.12190066784371,0.287463400190812,0.967446731513669,1.85785017929794,0.775603417078814,10.1700424393293,0.0296691486911799
"LTU","Europe","Europe & Central Asia",2005,0.300309236808774,1.42846388959027,3.82331958931645,5.4104419071941,0.584753583063153,3.4490472042868,0.00172361656083169,-0.0167505056933864,0.00065230792495564,0.473489848826924,4.94276093185949,0.315426592003914,0.802548248050897,1.76109331760049,0.896590100793954,9.82551905736648,0.0288015375040632
"LTU","Europe","Europe & Central Asia",2006,0.295940334840334,1.60289109536879,4.13582639739612,5.3666200731603,0.754851349161504,2.59184927326008,0.00352586786808088,0.000427755465738905,0.000759992720681744,0.543444630875689,5.30547180638808,0.314412726215156,0.717030290651948,1.81348383237999,0.998032407916915,9.76969396546676,0.0354621739994613
"LTU","Europe","Europe & Central Asia",2007,0.297014579075367,1.84434156494091,4.17027683459833,5.31324664706335,0.879814654362907,2.40553744952508,0.00915957081143674,0.0292520879861485,0.000871192261388532,0.51919615331083,5.24692928831994,0.294893415308508,0.676523834064113,1.69378370231367,1.03187386017578,10.7336740464112,0.0222240112845912
"LTU","Europe","Europe & Central Asia",2008,NA,1.39714356513074,4.62648016064946,6.13700358958245,0.840652157330916,2.6129484691868,0.00960965531187919,0.171677012083515,0.00109492571663041,0.403165106050896,5.60592485714431,0.375847015266139,0.669932440636522,1.88027494991632,1.12121310918471,12.1429005291794,0.0227212378459422
"LTU","Europe","Europe & Central Asia",2009,NA,1.36147182860432,3.94051625589047,7.23849993285643,1.18514988460476,2.50794686922182,0.00718772179700025,0.129397555677092,0.0011175125314551,0.489128923485328,6.68409862460196,0.48868711620545,1.28868500741104,1.91316289052004,1.2210328035965,16.4105341557681,0.000308151296049081
"LTU","Europe","Europe & Central Asia",2010,0.507223935212572,1.09036929947059,4.58968033720974,5.913461915836,1.33960166492672,2.15850342126314,0.00612965905823033,0.0133403930260321,NA,0.437057535306194,6.94933504973301,0.320297877168483,1.87768083386198,1.8552815326003,0.95527061481408,14.318466115259,0
"LTU","Europe","Europe & Central Asia",2011,0.489919894337122,0.962017427353334,7.79922390554826,5.58525114229857,0.740906958672873,2.37595673290857,0.0165018311405125,-0.0449747639648225,NA,0.410937481465016,6.64216449029118,0.277013978787169,1.88312080098181,1.84800684833986,0.952051101512416,12.5758181763593,0
"LTU","Europe","Europe & Central Asia",2012,0.390443617560106,0.936441565232499,3.42758381439728,5.42863171832405,0.80698437892681,1.9286188091888,0.0129061366130753,-0.0721142377806339,NA,0.411802913818223,5.88697348907418,0.251072935054875,2.07993306560896,1.76212844742505,0.81847215991303,12.1010293813418,0
"LTU","Europe","Europe & Central Asia",2013,0.365758852363665,0.915529865491201,4.36160881034093,5.2524073041243,0.467724987833115,2.31328143311291,0.0139989975871037,-0.189858901889338,NA,0.419289142687543,5.63735685424275,0.252385278729653,1.89055976138889,1.62902393233616,0.819153031469483,11.4035622671923,0
"LTU","Europe","Europe & Central Asia",2014,0.332673553892238,0.95287771388543,3.50095483022568,5.03673114959929,0.561300652880019,2.2303646157171,0.0117779668122765,-0.0791669698665901,NA,0.437953318068191,5.50791545273895,0.336425439303532,1.8151687250489,1.65132728005454,0.894332440729166,11.4956565773491,0
"LTU","Europe","Europe & Central Asia",2015,0.349463923175318,1.25430669045579,3.76386840946097,5.06029466814671,0.537320349703278,1.97037407823875,0.0134263303053032,0.0380697638640818,NA,0.46547639283284,5.7734929992747,0.317655862103841,1.73627615199236,1.61678555220004,0.938445992292496,11.1552529101491,0
"LTU","Europe","Europe & Central Asia",2016,0.357091440691039,1.47983369538495,3.26068079294748,4.78360392029402,0.478604153630762,1.80270842048068,0.0199333668524841,0.106925627460251,NA,0.462058223603933,5.80895221817008,0.366450650643988,1.56481048256226,1.4673470266606,1.02213589578,11.2246425835867,0
"LTU","Europe","Europe & Central Asia",2017,0.352493657982078,1.62756693812376,3.02710091268648,4.55208868846619,0.414113682996992,1.44544205458864,0.0255316143342049,0.14279406212203,NA,0.433824127185931,5.65382809487275,0.425161107283265,1.32558188592166,1.47273471510278,1.07565316918392,11.2414830426422,0
"LTU","Europe","Europe & Central Asia",2018,0.33892929605584,1.73507310418352,2.99532289807158,4.58213105984297,0.316184609802838,1.53098271363946,0.0206499851021308,0.0425922567343755,NA,0.461441605694608,5.93409551491456,0.500954984229449,1.09318573987748,1.38182004216268,1.11662644323247,12.091827531218,0
"DEU","Europe","Europe & Central Asia",1991,NA,1.92780411378108,5.78363441937309,3.88777561298984,0.937635724724051,NA,NA,NA,NA,NA,5.66818507676683,0.928302832374164,NA,1.46511691753709,0.840145435476699,17.6663695809545,NA
"DEU","Europe","Europe & Central Asia",1992,NA,1.81909398851253,5.6545693667695,4.23314461265162,1.02427731671093,NA,NA,NA,NA,NA,6.00877987648355,0.834348723693554,NA,1.52621217392148,0.825756522407882,17.983721217368,NA
"DEU","Europe","Europe & Central Asia",1993,NA,1.66685208077477,5.46585785090655,4.40526843079848,0.993636600536893,NA,NA,NA,NA,NA,5.82309298322739,0.794775590866862,NA,1.5922468913124,0.826085832199921,19.0777782914203,NA
"DEU","Europe","Europe & Central Asia",1994,NA,1.51826517426536,4.96430826141673,4.37436398980316,0.979293149115329,NA,NA,NA,NA,NA,6.00925862870903,0.844656359193709,NA,1.59850869354464,0.788990780351332,19.5829813721339,NA
"DEU","Europe","Europe & Central Asia",1995,NA,1.33146135616301,11.147729611899,4.12412053140224,0.907363520724582,NA,NA,NA,NA,NA,6.13144657739588,0.77002654899953,NA,1.57752782894633,1.0204210893007,20.7241595895725,NA
"DEU","Europe","Europe & Central Asia",1996,NA,1.2942260250445,4.42458024961226,4.22753437633368,0.838303719201824,NA,NA,NA,NA,NA,6.28449343700882,0.771789026637105,NA,1.59999583632597,1.02431585631161,21.6439225972999,NA
"DEU","Europe","Europe & Central Asia",1997,NA,1.25222446013818,4.01024908854499,4.2191061367055,0.761339010274584,NA,NA,NA,NA,NA,6.0958621217143,0.846850062463351,NA,1.60507865283125,1.02847818881779,21.4845881243148,NA
"DEU","Europe","Europe & Central Asia",1998,NA,1.21707489004279,4.1073857487515,4.15012758014714,0.697967653220282,NA,NA,NA,NA,NA,6.08393482987659,0.941114563993606,NA,1.61401296651145,1.03394525471352,21.1589936557421,NA
"DEU","Europe","Europe & Central Asia",1999,NA,1.18291996037835,4.25267543263348,4.13118845533824,0.66409967564628,NA,NA,NA,NA,NA,6.09144055781071,0.963592751568357,NA,1.62744964748383,1.0426903878649,21.3231495328918,NA
"DEU","Europe","Europe & Central Asia",2000,0.620694233057859,1.09004357329464,4.68277788050771,4.06815261558302,0.713625307597115,1.78233266479856,0.182448354503601,0.0752931359022137,0.0102413837247344,0.768625331304022,6.4684295122541,0.948845236571223,3.32005746554201,1.57736274886325,1.23508242891484,20.1569871366324,0
"DEU","Europe","Europe & Central Asia",2001,0.685142736152154,1.03952056118645,4.46215029412577,4.1470812965469,0.689423439844606,1.66082097452751,0.187108177524925,0.0921502020676259,0.00948198882414133,0.794876043709207,6.53359661962496,0.969602400876393,3.1654192788165,1.59587395398934,1.20430463880987,20.129157575925,0
"DEU","Europe","Europe & Central Asia",2002,0.695003002565829,1.04862336906083,4.21141702909759,4.16305752188234,0.618756027878369,1.62443360690044,0.220097173948647,0.119420231834477,0.0100540461849217,0.818244681819009,6.69622222626608,1.0195530726257,3.12230451476716,1.62174949502302,1.21098939093407,20.6075646461522,0
"DEU","Europe","Europe & Central Asia",2003,0.704160392843093,1.03908083397767,4.1587650402203,4.17101877851481,0.612053880275099,1.69870273154365,0.191628571557762,0.125657338451869,0.0104450684355458,0.808158909733809,6.8062507630326,1.05318845887763,3.02662814199867,1.61681520367883,1.1872561121737,21.0518319564834,0
"DEU","Europe","Europe & Central Asia",2004,0.695596061029295,0.997648639570037,3.86096034510192,4.10064883404346,0.572547424995138,1.58982020048442,0.20494846454396,0.0999328182734296,0.0100772589855559,0.824655693651327,6.43623039796333,1.03017873875148,2.90353234446546,1.58283683680144,1.14907271537931,20.6903806375192,0
"DEU","Europe","Europe & Central Asia",2005,0.680240002447221,0.989245338262735,3.7608540800853,4.10731063535972,0.559058868772151,1.65152448750388,0.239041039020063,0.0840795171982817,0.0101384864812897,0.81855168224585,6.53709506142087,0.983564289803392,2.8507501168985,1.58833374848687,1.1362970926142,20.7826736762065,0
"DEU","Europe","Europe & Central Asia",2006,0.697628591074513,0.973845741023362,3.56650510674694,4.02527378536569,0.560987472118336,1.5598218927667,0.192446374964362,0.0849028124842773,0.0109849564794472,0.828903013735388,6.42640917705067,0.907307092424573,2.76439364717326,1.53986449091854,1.11040300534993,19.9436916162141,0
"DEU","Europe","Europe & Central Asia",2007,0.712648276689804,0.885039307075274,3.3415214738653,3.9224660438879,0.511572082974936,1.52611470064612,0.202396431357644,0.0861355043907903,0.0105619011422056,0.84631233622052,6.35654417795203,0.800624112340221,2.70540697325519,1.47754595827249,1.08067452141385,18.9038426916845,0
"DEU","Europe","Europe & Central Asia",2008,0.776991073988117,0.900690754725131,3.66190324721479,3.94476318383343,0.50862167139867,1.7505664659983,0.288318430467035,0.101080310545103,0.0106813692572914,0.938664593224399,6.47840753350691,0.720246299808756,2.69213701997652,1.48643819531983,1.10834913940365,18.8071816500359,0
"DEU","Europe","Europe & Central Asia",2009,0.889754797136233,0.999210869556329,4.17118815241257,4.34005388984066,0.583629427614659,1.7047261962686,0.300646432762406,0.12581110752209,0.0128387025550654,1.02656466576441,7.14040388759184,0.666467680406259,2.67515220404542,1.61694054535865,1.18222371234764,20.6905913571817,0
"DEU","Europe","Europe & Central Asia",2010,0.863320854780846,0.956948993916706,5.1302838870691,4.38036187802215,0.561027920761192,1.74122601778194,0.372289814381532,0.130010918733427,0.0129854936827328,1.06574637342068,7.0042505069412,0.58313835595071,2.48763843394166,1.56773514272344,1.14619404149119,20.0616908438621,0
"DEU","Europe","Europe & Central Asia",2011,0.866511234203062,0.935416326348773,3.72184024116782,4.29502220110189,0.584542389996881,1.74286074934288,0.377678611205988,0.126486879817045,0.0120658162431875,1.1086443220125,6.8231262715514,0.514189399901989,2.54852314409183,1.52879460639451,1.09364558428251,18.87605993555,0
"DEU","Europe","Europe & Central Asia",2012,0.949291701119364,1.10217061096925,3.41633549580922,4.2655292116373,0.573377869894475,1.73725371633805,0.398424950187775,0.115542507039278,0.0107820246165278,1.0728843008622,6.8548907045106,0.456305480983933,2.35026281185003,1.54208450047536,1.07190080537353,18.9019819255385,0
"DEU","Europe","Europe & Central Asia",2013,0.961993348391342,1.05888630017607,3.30844612019137,4.35548757714265,0.58171341170612,2.00120938339232,0.399558930762801,0.115353833567503,0.0111690113290768,1.08798264179131,7.07585323776833,0.426876767389333,1.86333967666779,1.57440375620254,1.04352001707365,18.9912319704057,0
"DEU","Europe","Europe & Central Asia",2014,0.965215222908831,0.961184383571938,3.20403903765419,4.31084603218523,0.569475615129995,1.99061975862787,0.406704857161401,0.115596273864789,0.0104528545516033,1.07903519469296,7.15480814229546,0.396593599163772,1.65862206782058,1.55908083199257,1.04716423620719,18.792968576533,0
"DEU","Europe","Europe & Central Asia",2015,0.965654258812503,0.962287999947196,3.17920048051695,4.18802205889633,0.554739659479814,1.85853792156617,0.391641117201913,0.116003920701502,0.0109238400432993,1.07779688258027,7.18630262667199,0.382202391363896,1.45181464454617,1.53953539027151,1.02363971789431,19.0753348932533,0
"DEU","Europe","Europe & Central Asia",2016,0.966146581155675,0.97578252129798,3.21604288312434,4.1462939918956,0.557831594397116,1.80389904597811,0.484987715771673,0.115471746274848,0.012060878721164,1.0996777384257,7.20308860597939,0.372004722248811,1.23949459174883,1.54819565425481,1.00839156376631,19.4802335598736,0
"DEU","Europe","Europe & Central Asia",2017,0.968539194265622,1.02231439850354,3.22059544097208,4.11002807404645,0.586904736224149,1.89516762763522,0.505209569212848,0.123821645058999,0.0132820131957263,1.13550426965877,7.19160921913473,0.391896431113809,1.08339316916231,1.52428821044133,1.02043457761041,19.566316074934,0
"DEU","Europe","Europe & Central Asia",2018,0.965024802877672,1.06274126367597,3.38075631583826,4.16798978581915,0.596016589073577,1.84662582190368,0.504758743799281,0.127737062585778,0.0137843599840927,1.17017554875806,7.24100503233793,0.420527633007113,0.972141240353191,1.55781208418925,1.05122937952439,19.4360671815618,0
"ROU","Europe","Europe & Central Asia",1995,NA,2.50868134706325,9.14680589615787,3.45561249010135,0.188013864632202,NA,NA,NA,NA,NA,2.48809588743199,1.85955318669076,NA,1.40804543877839,0.654617616274164,10.5027015038704,NA
"ROU","Europe","Europe & Central Asia",1996,NA,2.44764636530739,7.60288223015089,3.70737078503114,0.133607135425246,NA,NA,NA,NA,NA,2.38038835155591,1.91503560776185,NA,1.63964130821186,0.798007244240583,10.0214440489712,NA
"ROU","Europe","Europe & Central Asia",1997,NA,2.51594569644463,6.6730488765844,3.1406266752134,0.249324425736657,NA,NA,NA,NA,NA,1.9433214659066,1.85251570959434,NA,0.727228858742086,1.10023698704198,10.3244579310542,NA
"ROU","Europe","Europe & Central Asia",1998,NA,0.779949437319427,5.99038245253926,3.95748198365508,0.0317806222337288,NA,NA,NA,NA,NA,2.33746476529075,1.69417200357636,NA,0.529677037228813,1.39252093087455,11.2521941403703,NA
"ROU","Europe","Europe & Central Asia",1999,NA,1.84575811226563,4.78246357462123,3.12880942706217,0.030294015208684,NA,NA,NA,NA,NA,3.77877024438382,1.77519301097115,NA,1.63551401869159,0.565427816799211,11.3816610553201,NA
"ROU","Europe","Europe & Central Asia",2000,NA,2.1627710573726,5.79030604737546,3.12909978719747,0.223065518695339,NA,NA,NA,NA,NA,4.18692989387077,1.74248297641614,NA,2.25093387047115,0.732381966315128,10.4009862364618,NA
"ROU","Europe","Europe & Central Asia",2001,0.0783703065130836,1.90218363525778,5.04968847803161,3.85275241627581,0.267651633765335,2.43782764325155,0,0,0.465792213058197,0.0420814471928949,4.10975591056926,1.70566157316464,2.65947931449834,1.59210981383645,0.585051375143324,10.7372431029871,0
"ROU","Europe","Europe & Central Asia",2002,0.0878693649172695,2.21939102195749,4.31610642832047,3.98708885116388,0.236222799407637,2.2126924605064,0,0,0.526165434766191,0.0411764512728909,4.08507173042887,1.93115586304725,1.76874858394381,1.9871085528152,0.629599104231586,10.1184397605593,0
"ROU","Europe","Europe & Central Asia",2003,0.071541119730551,2.60559740221845,5.13386995252129,3.64364706519881,0.203681163165859,2.04634697390964,0,0,0.447744240236435,0.04277877589132,3.52500239686199,2.59637469413957,1.15476642058884,1.90826688120318,0.736514003926685,9.67722605951721,0
"ROU","Europe","Europe & Central Asia",2004,0.063754580827935,2.22111151207475,5.74269386807624,3.63311200412934,0.12877607960822,1.93793491556401,0,0,0.379217150963082,0.0419308973906803,3.23493195220205,2.52472226910727,1.21644557586121,1.86518930410649,0.601949500650419,9.90484628811431,0
"ROU","Europe","Europe & Central Asia",2005,0.0545558681721065,2.77056660365144,5.54196984681479,3.64276329481189,0.322524531839188,1.86337049290965,0,0,0.48207865875531,0.0731362373323191,3.27861594725546,1.2356816991033,1.08463340722487,2.03488159285008,0.782083643732402,10.1121829005525,0
"ROU","Europe","Europe & Central Asia",2006,0.0620546115591374,2.3149258408006,7.19483397546874,4.13580711547876,0.367543016653509,2.08135309978393,0,0,0.373698880799714,0.057065735876668,3.29373741475879,1.46363693121712,0.653367666133936,2.4155494210862,1.01831413345563,9.96981584338548,0
"ROU","Europe","Europe & Central Asia",2007,0.0582582064788294,1.74946105286204,8.40764582581125,3.85105537794894,0.41967050755818,3.21268168397225,0,0,0.356948970744279,0.058469627389438,3.64435620101054,1.50862914446649,0.693061236187461,2.39464719840279,1.06135646246774,10.0254151425764,0
"ROU","Europe","Europe & Central Asia",2008,0.0685580361095788,1.4125067196508,7.77980885256336,4.27797699517593,0.479128236685829,3.07590510130325,0,0,0.541869676378654,0.223772244313351,3.64926590477898,1.25071642314146,0.706160738863348,2.14319348926505,1.05171102408034,10.9753987610279,0
"ROU","Europe","Europe & Central Asia",2009,0.023036596355132,1.41220174859633,7.92144351117661,3.82401848653894,0.550335433939405,2.41840938612274,0,0,0.181505022467745,0.186854485562477,4.03400374914484,1.30873484444364,1.38206392834432,2.04134758249475,1.01877134134397,13.0911910165185,0
"ROU","Europe","Europe & Central Asia",2010,0.0339424549500518,1.45712138450384,7.08780172911536,3.32901086044975,0.768182308654853,2.52991498295305,0,0,0.229021650856512,0.297398754749199,4.15019867599816,1.29517063040585,1.48780778688757,2.40105480958718,1.04750239944571,13.9035148330232,0
"ROU","Europe","Europe & Central Asia",2011,0.0388202089675219,0.842171442631206,7.13984287381841,4.1192515334966,0.940536237440205,2.56013109107139,0,0,0.244329495777162,0.295952684763452,4.15433455974915,1.23418224004944,1.69346232633723,2.19562166693369,1.06867332516994,12.954058759241,0
"ROU","Europe","Europe & Central Asia",2012,0.0389730976151462,0.718846490627509,7.18534907954268,2.98417042123788,0.828725699288362,2.52602599542664,0,0,0.196078134155373,0.35289685148235,3.84666494538293,1.12474608117419,1.81728488879614,2.16612274437303,1.1839131044767,12.3649141741316,0
"ROU","Europe","Europe & Central Asia",2013,0.00794700652787574,0.697338020336154,6.24810963532839,2.80381405956069,0.806251351384526,2.58866262738422,0,0,0.283039325565095,0.217873872036514,4.02428542248332,1.16828864283068,1.83050246797828,2.2020604306113,1.00719259169036,11.5190522006599,0
"ROU","Europe","Europe & Central Asia",2014,0.00877966933701232,0.735114085595943,6.28966836332156,2.99008316156641,0.795450007411118,2.45545065653829,0,0,0.199120507467879,0.316068096132443,3.99899729296022,1.25084113569734,1.71715076247764,2.10299255104136,1.09102722280812,11.3928399478245,0
"ROU","Europe","Europe & Central Asia",2015,0.0206571035877965,0.86654584880628,5.9102751969652,3.0619384727047,1.00070475525963,2.6242099570046,0,0,0.308888252086269,0.191625509165327,4.20115247552652,1.54291162436404,1.69167925692806,2.26470338111318,0.998740085081445,11.4480348947877,0
"ROU","Europe","Europe & Central Asia",2016,0.0347520190544053,1.67176946720803,4.83727455297455,3.30206915011382,0.626712605376774,2.29627331319398,0,0,0.326778763601841,0.205610667079317,4.03471071917467,1.21050470282776,1.54856251586321,2.03509078262488,0.918098940396693,11.4981087007607,0
"ROU","Europe","Europe & Central Asia",2017,0.0286789274431306,1.78499185154284,4.42074519455798,2.84504998444078,0.516535847025177,2.34566079773874,0,0,0.235722808186416,0.237765466836211,4.32968930811767,0.874549710491072,1.39400364130167,1.99131204750734,1.0030154310605,11.6729070861113,0
"ROU","Europe","Europe & Central Asia",2018,0.0292728327565964,1.68318788350429,4.23877820025456,3.18785808649296,0.839147478522489,2.78847031656387,0,0,0.228092980853407,0.324172264054508,4.69057980331283,0.953951207567896,1.32666087846882,2.19998470695713,1.02353243448933,11.7393061491377,0
"NOR","Europe","Europe & Central Asia",1995,0.464834738116448,2.4607065654143,6.55399330106381,6.14574443122377,0.972134834260511,1.20626535345921,0.85979371595763,0.0450610400586416,0.137052011238265,0.66615583644296,7.042396832022,0.860416679645077,2.76429753576331,1.00006437291437,1.49916211384038,17.9810162198979,0
"NOR","Europe","Europe & Central Asia",1996,0.448859504320296,2.37874677743718,6.1107091961205,5.76851782495617,1.00277526778442,1.14661131933784,0.84424271788507,0.0408657470135293,0.124493563407805,0.620002597961643,6.90650087752318,0.770096513326879,2.44729883101208,0.984475756940777,1.46301270630802,17.2030572509204,0
"NOR","Europe","Europe & Central Asia",1997,0.451311616170466,2.30895263462246,5.68822612017453,6.04140746841432,0.923388297965549,1.11614418140081,0.84646117721275,0.0361855362994375,0.129146441901624,0.596316610300173,6.95533320482941,0.679201640177335,2.06047277761228,0.957295810188025,1.43865982091226,16.4192089999474,0
"NOR","Europe","Europe & Central Asia",1998,0.466308681904231,2.27910087707986,5.85998015780904,6.19526847997469,0.941128528909591,1.19164908552259,0.885676998705271,0.0462525941859286,0.139961381662996,0.662839221512099,7.65996261965065,0.663698935158677,2.04353933791733,1.04360639558176,1.49572980231744,17.3303656018253,0
"NOR","Europe","Europe & Central Asia",1999,0.455799173414638,2.15511077365767,5.38631527966191,5.8839888787846,0.88291831563678,1.1840191389828,0.828244537165133,0.0331044988144797,0.0993925047938317,0.642179871990671,7.64484798398343,0.676074454309076,1.84358084805983,1.1023245046769,1.4800634279037,17.2491030577022,0
"NOR","Europe","Europe & Central Asia",2000,0.400787642922824,1.85373407232356,4.94433025804063,5.20758557456402,0.710550514104195,1.05381740112335,0.696021049810188,0.0339684279385012,0.0908920825698177,0.47675219368373,6.85565143085368,0.539779550210246,1.72502557583783,0.973938519799215,1.29153005210704,15.5698800887956,0
"NOR","Europe","Europe & Central Asia",2001,0.417884991811065,1.75055264123515,4.67779321948519,5.45845889487095,0.54835818567467,1.71494579704994,0.768391861950283,0.0224380651867346,0.0932681968873098,0.50060538027726,7.14425438501163,0.275329762846911,2.09722394467579,0.9856127893136,1.28465913958011,16.4451839985271,0
"NOR","Europe","Europe & Central Asia",2002,0.466616187046212,1.99317628277812,4.90369795250047,5.76639979090675,0.544577732850061,1.66070264044289,0.848736664219558,0.0187697065904091,0.0999983344287667,0.421645763747689,7.87270679668372,0.315433567410152,2.03718579959591,1.13111504869233,1.40055322589118,17.6969505953136,6.40604320491779e-05
"NOR","Europe","Europe & Central Asia",2003,0.517476320135476,1.87192507362543,4.49306452130509,6.12590751213925,0.560738204502198,1.61408177421863,0.849562197135952,0.0160457773685419,0.106210703274079,0.477855592940845,8.14304687094998,0.698793604399999,2.14439471624894,1.09876546257508,1.38870031671896,18.2087481578213,0
"NOR","Europe","Europe & Central Asia",2004,0.491525613846171,1.72269520252156,4.1095444807125,5.6540588439838,0.613285324898206,1.50424560576999,0.823097890096578,0.00886137003510897,0.0998306244461644,0.476326681697345,7.6971093986607,0.64536572781012,1.7624591984386,1.02247871588653,1.3482181916075,17.4555529382733,0
"NOR","Europe","Europe & Central Asia",2005,0.471761638763651,1.4891044569113,3.98525016231254,5.20922739232598,0.575732114967527,1.40578737158214,0.912467813876265,0.0171860332826128,0.0987443140360645,0.417188445357459,7.26652623030893,0.558043566091856,1.78503588966366,0.887945052934993,1.25221860634335,16.1551225434525,0
"NOR","Europe","Europe & Central Asia",2006,0.476466137289927,1.55144773965096,3.70434373783173,4.91829463023566,0.54599590221074,1.34854355220846,0.81495562232298,0.0114604544386024,0.100256416388089,0.386722657453785,6.89603517908314,0.556508838762686,2.49386707767887,0.852360018896214,1.19324085859559,15.3427961794274,0
"NOR","Europe","Europe & Central Asia",2007,0.467242198765793,1.55652371123317,3.82933511703181,4.85781259507279,0.560171527798166,1.40989620764088,0.852447883623886,0.0415288576628189,0.0710585986648642,0.353378240665687,6.87655759810022,0.530216286205313,2.68354712610518,0.845299473698319,1.34858157250551,15.4562664110259,0
"NOR","Europe","Europe & Central Asia",2008,0.466381879266968,1.49983257201225,3.97377767020791,4.67444366153694,0.629820746571562,1.37344649649744,0.820416318417731,0.0398912044113535,0.0719959525770293,0.41475345509612,6.57219099755245,0.545167007979392,2.0937512346136,0.821720453946563,1.36849845287334,15.2089052511017,0
"NOR","Europe","Europe & Central Asia",2009,0.541490750802662,1.63167840308407,4.7650362510557,5.41568989010003,0.819236386860758,1.7166286250541,0.952776653389506,0.0378014075465281,0.0837972378618569,0.47474120654022,7.46726039857837,0.624093826552483,1.51757415437881,0.956235605714024,1.66095596383089,17.8350582112852,0
"NOR","Europe","Europe & Central Asia",2010,0.528655644132173,1.46491636629122,4.71441211755912,5.26023942312479,0.829757833268184,1.63887108481296,0.974771549373929,0.0311405185996105,0.081304922787335,0.458116774243588,7.35159343371102,0.619568979721618,1.26410439752744,0.947065363061017,1.58615987241263,17.6396953245618,0
"NOR","Europe","Europe & Central Asia",2011,0.508507410257448,1.52129690337213,4.56961996760821,5.01757628774909,0.801881201697436,1.55968292856726,0.876970282699469,0.0371327501187926,0.0790279455276521,0.450391254574902,7.14159107925962,0.605940595477539,1.16271700010348,0.925955434254443,1.54822441358364,17.3766231255033,0
"NOR","Europe","Europe & Central Asia",2012,0.494120885868399,1.35810707774358,4.56108732235467,4.88567676950337,0.769925763785521,1.4728149168773,0.855720479937599,0.0273611933933683,0.0759770746262211,0.488824082708401,7.13368051572644,0.582041070804426,0.93247351935796,0.920327983449683,1.49018978074609,17.262585136833,0
"NOR","Europe","Europe & Central Asia",2013,0.495437488298643,1.36525327841496,4.8283990915677,4.90719501176241,0.800755398904346,1.51398871785688,0.858126643277519,0.0272529690921375,0.0803913747771655,0.492507061514542,7.36901399278789,0.631148808700111,0.876946495290967,0.985600208385905,1.53300393165594,17.6427972551669,0
"NOR","Europe","Europe & Central Asia",2014,0.52944873526417,1.44551699018153,5.15579719142872,5.12386279480415,0.831854417358048,1.61041054962185,0.869137745820033,0.029228091825877,0.0797882332414463,0.514293428391493,7.73210384314385,0.69010772366654,0.84780569623034,1.02365183038537,1.56376659044439,18.2040706644838,0
"NOR","Europe","Europe & Central Asia",2015,0.563293090153573,1.54044990805707,5.42423121341206,5.46749469411658,0.886065655706906,1.7734170017765,0.90917593997626,0.0398885435024584,0.0944660993986505,0.51620468062005,8.23581104080171,0.756307355852414,0.840327221054208,1.0729407499239,1.62945182341429,19.5307937305881,0
"NOR","Europe","Europe & Central Asia",2016,0.595420039513916,1.58168635530441,5.73284241655259,5.65205224151582,0.932298607975278,1.86159542359002,0.890402624276625,0.0296305955588321,0.0969933983162204,0.509271826500275,8.61191634101523,0.838145615333543,0.759033861831694,1.16853643901568,1.74378314277331,20.5301939964798,0
"NOR","Europe","Europe & Central Asia",2017,0.55732554141691,1.70377871329597,5.66963273745889,5.57938520614157,0.903203605288736,1.81900059507535,0.917678411085092,0.0267343897412773,0.104327845551091,0.501247048520338,8.41028700474998,0.792017675649644,0.662169260549842,1.15868241031917,1.76122275390918,19.910687110231,0
"NOR","Europe","Europe & Central Asia",2018,0.544796451855922,1.71550273870955,5.58549475198677,5.43142463875656,0.903037786828138,1.73932129849385,0.880097200115553,0.0243283506001371,0.101306763791258,0.50593906300448,8.2351608390024,0.79065723364846,0.69331550953592,1.17376503174864,1.71360518400616,19.1218569980118,0
"LVA","Europe","Europe & Central Asia",1995,NA,1.00152705157827,4.45377724757207,5.83546573594869,0.296639254637206,NA,NA,NA,NA,NA,3.10929185508433,0.768946107743122,NA,2.68034755082904,1.10402034886156,12.1020931792189,NA
"LVA","Europe","Europe & Central Asia",1996,NA,0.949525312160187,4.05504168655532,5.16702517909411,0.318931059374831,NA,NA,NA,NA,NA,2.91013903641351,0.832170652913014,NA,2.54311180521606,1.10984588490223,12.9474894546471,NA
"LVA","Europe","Europe & Central Asia",1997,NA,0.777884066353733,4.19123045093546,5.24515583635514,0.244896294483623,NA,NA,NA,NA,NA,3.61356439975381,0.678516606972036,NA,2.26209279734229,1.11232230651153,12.688075163326,NA
"LVA","Europe","Europe & Central Asia",1998,NA,0.741950632717167,4.47113267365929,6.19233193688969,0.282632044960747,NA,NA,NA,NA,NA,3.8517334211895,1.01578156229429,NA,2.33893792789196,1.20143527925441,13.5640133351843,NA
"LVA","Europe","Europe & Central Asia",1999,NA,0.906071636577744,5.3031417870577,6.07496877855389,0.294477267773903,NA,NA,NA,NA,NA,3.84956883075306,1.32219814924146,NA,2.47938061242662,1.26304759897394,15.1564117522418,NA
"LVA","Europe","Europe & Central Asia",2000,NA,0.84376051507346,4.4157286886604,5.42794934809282,0.340277813258864,NA,NA,NA,NA,NA,3.86918208512493,1.43468483428062,NA,2.35420862051725,1.254838302348,13.0556611878192,NA
"LVA","Europe","Europe & Central Asia",2001,0.0848512275144247,0.934838010561766,4.12701357458785,5.5621119028176,0.274928700840577,2.27007193990013,0.00214473876813712,0.0735913489817048,0.0662188094662335,0.441280001544212,3.1799773622823,1.40909337066609,0.953188931646639,2.27851684879967,1.18590649260682,11.8609415724903,0
"LVA","Europe","Europe & Central Asia",2002,0.0724063894351456,1.09336029836196,4.42155333379619,5.69247601151309,0.301653592827671,2.33427243308929,0.0022626996698483,0.0377513576495743,0.0671664533576022,0.423005748805324,3.6206767401262,1.33380191064742,0.791611433969243,2.26877323212,1.32260750175449,11.2494282217479,0
"LVA","Europe","Europe & Central Asia",2003,0.279398793256827,1.08189828711476,4.62604423859589,5.32605912451137,0.304627384180354,2.28784586984936,0.00240770784747359,0.0184241991806675,0.0727546501736586,0.499232988026155,3.21209163442955,1.20322582603746,0.765002061207283,2.23571376080407,1.16669147652579,10.3989948761883,0
"LVA","Europe","Europe & Central Asia",2004,0.186899274957525,1.23724604778177,4.59871775331323,5.91352926290546,0.489015391087412,2.6132410488371,0.00253422745705118,0.0467926998319807,0.0686956657107802,0.516348844374178,3.34662837328302,1.20746887516142,0.731043164048146,2.31655542011518,1.2497361688201,10.1026977575345,0
"LVA","Europe","Europe & Central Asia",2005,0.193715925964332,1.1645018875168,5.1199398701059,5.30512464671113,0.687640056099662,2.54044389923536,0.00220633173080105,0.0223574948721173,0.0694994495202332,0.427440000647191,4.05634088707774,1.20730472309434,0.536829927860307,2.20603755323695,1.30820762758297,9.312264336192,0
"LVA","Europe","Europe & Central Asia",2006,0.270789417519157,1.44089674508898,5.45134005970114,5.66131734286057,0.653204185512094,2.79665650207434,0.00181266938956896,0.0271315676374193,0.0716296774910317,0.462932372813468,4.2560307802957,1.39400123378465,0.457459280721092,2.57042366761491,1.61502995289983,8.87447849209296,0
"LVA","Europe","Europe & Central Asia",2007,0.353664841965596,1.40890512137233,4.92169554981183,5.55820373848083,0.878319331554858,2.67771647242913,0.00159348364339943,0.0239022546509914,0.0685640601007144,0.452726408463594,4.03120377375879,1.22118389549297,0.346122352720172,2.46839469049479,1.6950239622316,7.94612750498395,0.00146069333978281
"LVA","Europe","Europe & Central Asia",2008,0.257440741711868,1.46949425768344,6.65518607167152,6.32169169243367,0.827268103650595,2.62631443538695,0,0.033057871602816,0.077285607896273,0.371151606889753,4.33325044910453,1.20297800091043,0.537171933990206,2.17459196628015,1.81929171148814,9.06631634904759,0
"LVA","Europe","Europe & Central Asia",2009,0.275089603307407,1.18773481744679,8.3556275954975,6.72256525649649,0.185429195818914,2.4788871783652,0,0.0287890644897885,0.0821178850575885,0.270149782278716,4.58999671369111,1.05951193612142,1.51791670431288,2.06128639419782,1.75990419509255,13.998284235496,0
"LVA","Europe","Europe & Central Asia",2010,0.525312854661437,1.05764994997737,9.58056252126087,6.21773518189048,0.298474479874491,2.28633458509762,0,0.0208497301966865,0.0100346295064267,0.231799941598456,4.18756238891526,1.47977336454772,1.83396233735956,1.93172192792884,1.63887799016629,14.2088123893334,0
"LVA","Europe","Europe & Central Asia",2011,0.498355765827955,0.989126357912334,6.91748143664176,5.86447215440853,0.682665636921868,2.21585582062345,9.85087499165754e-05,0.0353646412200506,0.00852100686778377,0.215192364192759,4.11535079088981,1.28760787015956,1.81994915470873,1.83630160719488,1.74232425977447,12.2394659052597,0
"LVA","Europe","Europe & Central Asia",2012,0.461170520507215,0.898672525248778,5.99014494178687,5.72887742605714,0.728286627005301,2.35241286810596,0,0.0149870138438885,0.00159922403821981,0.187794594202383,3.88986116633511,1.23026020654481,1.76021563754163,1.7968424372284,1.52547696400019,11.3783876477032,0
"LVA","Europe","Europe & Central Asia",2013,0.334933880181354,0.904347807769544,5.6939198485495,5.73978016102192,0.664513733452052,2.62399981181912,0,0.0118490759498121,0.00100936572905806,0.190243497194205,3.66382205461485,1.21365257552612,1.59679025208997,1.92306114118802,1.57447888093114,11.5356020627398,0
"LVA","Europe","Europe & Central Asia",2014,0.328603019269406,0.895243169621483,5.58938450931241,5.90371884961083,0.679477033015775,2.76676883097264,0,0.0294265041092949,0.00592764111554141,0.186974736901649,3.80313219943769,1.10609783216003,1.56368208807425,2.0136620272431,1.68823452999988,11.4356052401025,0
"LVA","Europe","Europe & Central Asia",2015,0.326064667957411,1.02564401986503,5.19314520786294,5.93125199909919,0.665369288384216,3.01282930835352,0,0.029645980529293,0.0111429413639922,0.181782080332877,3.76261357319632,0.980537722166505,1.4338786288623,1.99853381917654,1.61716562304729,11.9002501980956,0
"LVA","Europe","Europe & Central Asia",2016,0.28764632139416,1.63988757430198,4.80867006431743,5.46795607198938,0.537829125783639,2.4983532827227,0.000918615022502873,0.00874681260557083,0.0128206705314531,0.191830780568752,3.73584753738484,0.888859883730497,1.22156227498924,2.15770686850849,1.44150666922494,11.9680360314361,0
"LVA","Europe","Europe & Central Asia",2017,0.313653032790669,1.65001692742397,5.53252284906301,5.74870262540794,0.541855127293044,2.40298396156173,0,0.0158324682196493,0.0204934284899199,0.100617555040762,3.50341448632371,1.08300741137073,1.07176561909982,2.32604112535408,1.65734129356296,11.656913668954,0
"LVA","Europe","Europe & Central Asia",2018,0.432602132309865,2.08757964458612,5.37026840571008,5.74396863478734,0.570796361860777,2.40261506837363,0,0.0213388148571261,0.0190355776979443,0.180702503591695,3.96813891392342,1.09942316102771,0.838659456360159,2.16948004827585,1.59641432039059,11.4707646042849,0
"IRL","Europe","Europe & Central Asia",1995,0.102051962809707,0.83935801253678,3.81653728035308,5.64055399441841,0.54204559386727,1.72967724922254,0.16683658090224,0.00682231371719196,0,0.340557496555464,5.46209394212421,0.928341778696764,5.15737730650869,1.80079895765024,0.558546837152222,13.7205776627072,0
"IRL","Europe","Europe & Central Asia",1996,0.100583235943548,0.782582914076224,4.07845964661473,5.56237335194809,0.547185093072173,1.73798830453309,0.160994625206035,0.00423490880303884,0,0.363385068774636,5.11242674723934,0.967140239712657,4.41327319733153,1.77795255764537,0.543219225534268,12.8267499088433,0
"IRL","Europe","Europe & Central Asia",1997,0.101757091789668,0.672212292435424,3.7831065498155,4.40338013145757,0.598098766143911,1.56813163053506,0.166486969557196,0.004122463099631,0.014111508302583,0.294490890221402,5.08411698570111,1.00505650369004,3.72427064114391,1.71037967020295,0.513204854704797,12.8513938537823,0
"IRL","Europe","Europe & Central Asia",1998,0.095499645200244,0.617131226113262,3.4033973632776,4.22238848705915,0.614025172109004,1.72528913067835,0.153585967358422,0.00857743971516427,0.0127229947589229,0.41152165523423,4.9942198762558,0.947396267755549,3.3688672550948,1.74012474012474,0.518611425797055,11.7474336150983,0
"IRL","Europe","Europe & Central Asia",1999,0.0821304432306397,0.554718366113258,3.30201861007362,4.06459552235584,0.564712105183618,1.58978281050973,0.156971221313068,0.00860338090200566,0,0.422870744187051,4.97824758738315,0.889339148081781,2.40368963060515,1.55962240117446,0.498562145124031,11.7946911634534,0
"IRL","Europe","Europe & Central Asia",2000,0.104767792715898,0.514703846899135,3.63717900214998,3.95960525223072,0.742935048397664,1.47212313029998,0.157751469461951,0.00364481928155537,0,0.481256401502219,4.84015206739686,1.08086792835854,1.98461793989278,1.49711828591992,0.560995819992064,9.86108440294169,0
"IRL","Europe","Europe & Central Asia",2001,0.108746535010744,0.520854724687126,3.96100021323011,4.1011711253629,0.816293240605574,1.63067725162793,0.188921875768859,0.00676595535289583,0,0.431834435022225,5.19295110469598,1.30368396017518,1.47970213394131,1.527559171355,0.630764183902767,10.618583824036,0
"IRL","Europe","Europe & Central Asia",2002,0.087406306776806,0.446798431764853,3.78109879440084,4.04828943206644,0.797367395126113,1.65796659041258,0.217934666676474,0.00902544336479121,0,0.382241870113057,5.82902853275861,1.29354758034263,1.35682498584028,1.45110740056933,0.654051887104723,11.2077609986098,0
"IRL","Europe","Europe & Central Asia",2003,0.111821204792789,0.419045427063867,3.59534118390678,4.13951096515335,0.806792761349896,1.67950972848192,0.25136720896999,0.00379245905243487,0,0.343340524348686,6.06801967681653,1.07481724744421,1.25579174453116,1.42811709904364,0.559113581400462,11.2799253874904,0
"IRL","Europe","Europe & Central Asia",2004,0.200837699017561,0.440354292887244,3.29311460081208,4.14085191684492,0.883999180233377,1.76604885296717,0.275723380000256,0.00504028384419311,0,0.334958563358994,6.46144663191198,1.02848689013846,1.13103841375159,1.44019226089073,0.572788231225423,11.2116502926823,1.2808853479525e-06
"IRL","Europe","Europe & Central Asia",2005,0.178393560138669,0.380884893354486,3.15149068687937,4.10911216875257,0.877619131558846,1.83940889593983,0.296620247958164,0.00318467595040837,0,0.281206886421059,6.00165873435572,1.10362947294201,1.0592555379282,1.38642928491686,0.572443739350138,12.1301609965333,2.35031435454492e-06
"IRL","Europe","Europe & Central Asia",2006,0.163900134588047,0.370544135690696,3.38631039571048,4.01694620261717,0.940191558248518,1.68883027312185,0.340138587852483,0.00563215843553557,0,0.342746569085828,5.92978125388495,1.2721375716857,1.03615715992195,1.43015583025691,0.606909393597068,12.342846023707,-1.08102849050587e-06
"IRL","Europe","Europe & Central Asia",2007,0.181817628624456,0.377855701260636,3.60387572134157,4.32424873987079,1.01204957353374,1.51809362988205,0.308348799707914,0.00375249743917404,0,0.342343383941339,6.22706818389266,1.70659729617347,1.03359448687133,1.50596393545704,0.676974878550928,13.1179536718695,2.53547124268517e-06
"IRL","Europe","Europe & Central Asia",2008,0.221010050438608,0.44283713176354,5.16878984623415,4.72409655238531,1.06747269018338,1.51714912677827,0.424025714635718,0.00785606621465436,0,0.355833994663201,6.91754166378167,1.62917396792595,1.31464690311207,1.74850468434592,0.818029006194308,15.4901913684468,-3.72830261034444e-06
"IRL","Europe","Europe & Central Asia",2009,0.216807780051271,0.415708271596228,6.45909005385828,4.68569051482867,1.04983360380065,1.80889249511983,0.405783884851478,0.0105541052235471,0,0.126382323196689,7.85246419247866,1.26546308709048,2.02088066511442,1.73357910581152,0.940874079823138,18.0614654624991,-1.58752557680096e-05
"IRL","Europe","Europe & Central Asia",2010,0.218807954918155,0.355258057783476,25.0354810817258,4.61500163988193,0.954794716598587,1.63029011002117,0.33481499150243,0.00435314111929396,0,0.13703986403888,7.45687826112884,1.19678344613733,2.85500641044754,1.66288619219416,0.864329288291243,17.7726837413161,-2.38528280509258e-06
"IRL","Europe","Europe & Central Asia",2011,0.261218478044438,0.411541750120056,7.52015062604683,5.08636166649098,0.752461435749675,1.51065392318774,0.298848636049522,0.00562036614076391,0,0.275647422607962,7.60523150262951,0.828978530517587,3.3971795682678,1.58256029141338,0.853363317989623,16.2831324595617,0
"IRL","Europe","Europe & Central Asia",2012,0.241846748243955,0.390314173529866,3.14009384626815,4.93383209405202,0.715671526630736,1.4681162733544,0.285836757788612,0.00522841450102019,0,0.235475261049226,7.50510267650471,0.717905090674241,4.18601336251979,1.46983488314939,0.80183120245532,16.0175495950665,0
"IRL","Europe","Europe & Central Asia",2013,0.137242574726481,0.380501724993172,3.01639607403816,4.7549021574955,0.579448893942181,1.38312404902436,0.307319656004593,0.00461317237112713,0,0.223306078998556,7.24691925694317,0.643223479971687,4.34277983067757,1.43147178981279,0.786568461885732,15.2296135903824,0
"IRL","Europe","Europe & Central Asia",2014,0.147959660962935,0.395598583404866,2.97712784822489,4.33639457006132,0.519667336585266,1.30316626488684,0.257194257546864,0.0039598871247128,0,0.218492837353702,6.8166264886842,0.752042395053225,3.91891329265848,1.35141582412838,0.732789859728297,13.8657164445313,0
"IRL","Europe","Europe & Central Asia",2015,0.113702648340597,0.305901243409624,3.0770727303203,3.30072303660135,0.398907064273306,0.928452899765337,0.193295721208058,0.00298014506445616,0,0.204685642885442,5.25693132295127,0.558980434583854,2.6234537378478,1.04852002255204,0.554072318897998,10.3869457227318,0
"IRL","Europe","Europe & Central Asia",2016,0.113048492888201,0.308259267447859,2.41743975237674,3.33867160439236,0.40144078414032,0.96751602918417,0.19869997789078,0.00303964920038323,0,0.178863954602403,5.25623995872946,0.53156164787383,2.28568243790994,1.05188038912226,0.57339855553099,10.1440938904857,0
"IRL","Europe","Europe & Central Asia",2017,0.0980797412704028,0.277962167534152,2.19435140734752,3.22181009651827,0.375606987046676,0.944841747098556,0.198476594741186,0.00281132615762966,0,0.165932588811966,5.07837721292974,0.511307965704853,1.97972577357791,1.01495612040359,0.523900146546061,9.51435713443496,0
"IRL","Europe","Europe & Central Asia",2018,0.114568818893749,0.300488333400214,2.32781092669134,3.19512530906689,0.374721492534549,0.965662630147642,0.204026744125028,0.00280436721930862,1.79035001342763e-05,0.175356758108279,5.02077330773339,0.516488197580558,1.6288616769406,1.02028929586769,0.530778586179115,8.98611923113727,0
"POL","Europe","Europe & Central Asia",1995,NA,2.42985405159036,3.49117302286714,6.05862193410333,0.586853938015295,NA,NA,NA,NA,NA,2.01973833846497,1.78043003731371,NA,2.07370873599846,0.642010498131942,19.452769823075,NA
"POL","Europe","Europe & Central Asia",1996,NA,2.41811891889845,6.58585280887652,6.28332163135795,0.925821154362391,NA,NA,NA,NA,NA,2.78101429850406,1.89377888900515,NA,2.45149677181716,0.725790759211222,18.9678526299144,NA
"POL","Europe","Europe & Central Asia",1997,NA,2.30230451659173,3.91032790715183,5.9902606600677,0.554377075760857,NA,NA,NA,NA,NA,3.12931015078591,1.56746867973266,NA,2.60054657660028,0.821766508871974,18.5422347236808,NA
"POL","Europe","Europe & Central Asia",1998,NA,2.22715221902277,4.10865733658023,5.51104930771562,0.541352922997914,NA,NA,NA,NA,NA,3.34314136800033,1.39373831236014,NA,2.64535692098827,0.807120097307065,17.5920562075107,NA
"POL","Europe","Europe & Central Asia",1999,NA,1.42499081777738,3.46152892832008,5.77912942765272,0.594271945512053,NA,NA,NA,NA,NA,3.8372301759757,1.47080804310124,NA,1.72032414560264,1.00197014068893,18.4285893477204,NA
"POL","Europe","Europe & Central Asia",2000,NA,1.38800448159403,2.95414426541354,5.68017861892748,0.541391604802936,NA,NA,NA,NA,NA,3.87948058647623,1.34447820865206,NA,1.78041263981472,0.849434024111406,17.7740341600638,NA
"POL","Europe","Europe & Central Asia",2001,0.326592897207387,1.64553561876526,3.41947637896988,6.03298921781643,0.610982705969672,2.40839813239147,0.00410485966639292,0.0879979290982983,0.0306581706333721,0.149057716635893,4.26828439186119,1.28636039795588,3.26810967877164,1.99329419862749,0.935394896479288,18.603737115551,0
"POL","Europe","Europe & Central Asia",2002,0.360466252364866,1.64615389170321,3.43984975391578,6.15383248903798,0.627670188922805,2.34648480021633,0.00074017710957878,0.100540724051118,0.0423134580975869,0.144211173516266,4.43242725786093,1.42595120160352,3.04138774325921,1.98268775085836,1.11396654991606,18.5429169491676,0
"POL","Europe","Europe & Central Asia",2003,0.365869516390245,1.64410766848321,3.49083257479933,6.10393294953483,0.615062712044732,2.39747969690163,0.000827491636423818,0.0917333585521261,0.0381828283664133,0.167626162921282,4.33463761776979,1.33616256664263,3.10380291513482,2.20124596597827,0.991334980435733,18.9090113839207,0
"POL","Europe","Europe & Central Asia",2004,0.312198003626127,1.59142744793833,3.51701286206475,5.64967997293212,0.559341359740733,2.73765389791479,0.0010717404861865,0.113711665584387,0.0362248284331036,0.178766313095908,4.22040686055381,1.2079587019808,2.8572601361732,2.03169843966374,0.994050018342838,17.5815811537436,0
"POL","Europe","Europe & Central Asia",2005,0.322272025859301,1.54664322184794,4.16334668594914,6.07591808152028,0.649188322767953,2.71073985660914,0.0018173234540938,0.0799622319801274,0.0123174145221913,0.153260944628577,4.40367761651164,1.17873618480806,2.58268922678541,2.1562542782823,1.10737595051065,17.0879895516017,0
"POL","Europe","Europe & Central Asia",2006,0.3136965171274,1.62241670076886,4.7122311169372,5.93742633132671,0.654500301825403,2.65548401521821,0.0030846201028618,0.0802001226744068,0.0109363803646918,0.152735431759884,4.62197606746083,0.968851132307956,2.44928183500872,2.21924395400439,1.21266978730516,16.81267513398,0
"POL","Europe","Europe & Central Asia",2007,0.302204959462097,1.92538829842862,4.94519809034084,5.6933090356841,0.604241512705491,2.66452319231502,0.00328392126470376,0.0602894262955869,0.0106937948876251,0.136409037149233,4.48423658850766,0.778289339734791,2.2478862072444,2.26506364155208,1.17316824134901,15.596268320281,0
"POL","Europe","Europe & Central Asia",2008,0.275179593757474,1.91731518024069,5.56008183696492,5.63445575090361,0.654319378770598,2.6674303373411,0.00474313512834302,0.0419884093328726,0.00793114398509816,0.136151305077518,4.95999748691595,0.807577072835583,2.17950946963041,2.35080662844581,1.31621999811519,15.5025095072645,0
"POL","Europe","Europe & Central Asia",2009,0.236698809509929,1.51825379242797,5.89100923475158,5.41047712883178,0.701861525366417,2.62503935263459,0.00393526345860103,0.047150286253979,0.00371663771090097,0.126657183167566,5.00281298462041,0.941693970593379,2.50632557163346,2.38637291139536,1.31791244476056,16.1097297202756,0
"POL","Europe","Europe & Central Asia",2010,0.245831706505864,1.63786325820625,6.36499317753014,5.54480921127876,0.737910258903754,2.61918357719659,0.00456653324778694,0.0608179200727988,0.00394382416854327,0.135473819684346,4.97475364418002,0.781915033836974,2.56279381057619,2.41279011237616,1.3999122810477,16.3199595488182,0
"POL","Europe","Europe & Central Asia",2011,0.246741194080586,1.57950105305389,6.01931078534097,5.42173246144637,0.689037230029488,2.5273420963262,0.00625469141745923,0.0449316607948092,0.00191470145432425,0.143602609074319,4.66951008342418,0.838320120084969,2.59888810733612,2.28608971308135,1.29855052632271,15.5079967825357,0
"POL","Europe","Europe & Central Asia",2012,0.231308618845129,1.46972109421681,5.23913714827466,5.36667908822794,0.587692049366132,2.54157172518793,0.00595302096789002,0.043205430529841,0.00214799725645516,0.157049285121965,4.60904977020112,0.803719202015337,2.74231741164121,2.25226718041851,1.20681850429673,15.6007813309335,0
"POL","Europe","Europe & Central Asia",2013,0.224455917708751,1.65725599472025,4.5672101831407,5.27003664383179,0.623642227285909,2.68278838345569,0.00742352188173605,0.0443600697811057,0.00887201395622114,0.150462114237138,4.63559711520733,0.739334496351762,2.58972276767002,2.23279017898232,1.13531601721412,16.0254524199022,0
"POL","Europe","Europe & Central Asia",2014,0.252564765785298,1.47085902942869,5.27782769423923,5.2549072034317,0.618185569886598,2.54457897153619,0.0091256255703516,0.0665531291595706,0.00767250047953128,0.129612945600809,4.63706747731672,0.716239544764972,2.03025406439088,2.23458670216167,1.2157903547369,15.9286689955418,0
"POL","Europe","Europe & Central Asia",2015,0.254476711722451,1.55161936190735,4.92197092189899,5.27681944216387,0.601166763580338,2.63292430357139,0.00858780300890843,0.0643863031541123,0.00271076834951314,0.116824117128301,4.67056832147224,0.706997826274856,1.81309296668932,2.21550319526264,1.12607872471236,15.713880289359,0
"POL","Europe","Europe & Central Asia",2016,0.224429797761725,1.57878221811094,4.36187770792466,4.96863079032982,0.41807057674564,2.51034220623847,0.0142764141602255,0.0437362273170507,0.00207601736510589,0.105130826114887,4.63142924905739,0.599920767782007,1.76995834102587,2.18070205999468,1.06108854514689,16.6385820173277,0
"POL","Europe","Europe & Central Asia",2017,0.201580283375059,1.69484743510339,4.81948225270207,4.89980958763626,0.388630030823187,2.39883505576118,0.0248191072490765,0.0463441142854213,0.00162256930667711,0.108947249707826,4.68327032920543,0.559222347039113,1.62655495177961,2.13270599147716,1.20420385096552,16.4315334617092,0
"POL","Europe","Europe & Central Asia",2018,0.231999394613125,1.63840881943935,5.02300597743913,5.01053069712747,0.491831980185585,2.46922209440887,0.0083615989795015,0.0579299181503521,0.00151970634009933,0.110269744566726,4.81571490361998,0.593291993905104,1.49659283180913,2.1186595615322,1.33811580141514,16.2303489023983,-4.72663081643236e-08
"ISL","Europe","Europe & Central Asia",1998,NA,0,6.31711324880626,6.1995432418711,NA,NA,NA,NA,NA,NA,7.18646897595259,0.937646293672415,3.51808284361385,1.64644481903883,2.59167946960974,8.37467970520601,NA
"ISL","Europe","Europe & Central Asia",1999,NA,0,6.2749177677224,6.28112591765013,NA,NA,NA,NA,NA,NA,7.85665821643153,0.863750191505851,3.50269044199678,1.7000458578964,2.69259928131607,8.33678204164478,NA
"ISL","Europe","Europe & Central Asia",2000,NA,0,6.29459222742437,6.22767571373672,0,NA,NA,NA,NA,NA,7.53819387996407,0.750878885635793,3.21565912719156,1.69393703958845,2.77993430231622,8.44163689145481,NA
"ISL","Europe","Europe & Central Asia",2001,NA,0.0247329212953957,6.72957194376567,7.4769124326471,0.672157142383317,NA,NA,NA,NA,NA,7.63925719379245,0.376724643671805,3.23537021786776,1.42615982104756,2.89857583151055,7.60167300259278,NA
"ISL","Europe","Europe & Central Asia",2002,NA,0.0279298261802095,6.16732455649684,7.94216895496598,0.682393271773097,NA,NA,NA,NA,NA,8.29656485757399,0.665422053689624,2.85933225473572,1.38835726562619,3.12832394172459,8.31150555824467,NA
"ISL","Europe","Europe & Central Asia",2003,NA,0.0400211029664799,6.33931971980029,7.93791708628861,0.691357646295242,NA,NA,NA,NA,NA,8.54864225312816,0.407839384561343,2.6353902459957,1.45829805900709,3.43186213083845,9.31074586697942,NA
"ISL","Europe","Europe & Central Asia",2004,NA,0.0423223528714471,6.05041463081488,7.84011099605197,0.689586556648975,NA,NA,NA,NA,NA,8.29897684199003,0.398693671914549,2.32430098796761,1.4049289271516,3.49907668859929,8.83532607806865,NA
"ISL","Europe","Europe & Central Asia",2005,NA,0.0340443340364507,5.58327270003797,8.08506136111795,0.655997243695403,NA,NA,NA,NA,NA,8.03396739366034,0.378946734721383,2.13123372743755,1.4000425984363,3.24455328890281,8.58043765131101,NA
"ISL","Europe","Europe & Central Asia",2006,NA,0.0636958583798586,5.70974771408754,8.02967998275464,0.631318018234337,NA,NA,NA,NA,NA,7.85012628090901,0.624220133683156,2.08574935057249,1.40046214933057,3.46410612124147,7.83054364069927,0
"ISL","Europe","Europe & Central Asia",2007,NA,0.0587404099568482,5.51054016590256,7.69835042228518,0.598807997266727,NA,NA,NA,NA,NA,7.49330015316158,0.459856696640848,2.46290183289095,1.39015081809066,3.57204001686743,8.08204947636292,0
"ISL","Europe","Europe & Central Asia",2008,NA,0.056360277344558,18.2999763627632,7.85072754715818,0.624155974350138,NA,NA,NA,NA,NA,7.44999075117785,0.479125411621504,3.14318947753471,1.42424210819911,3.5537743468024,8.37635411803162,0
"ISL","Europe","Europe & Central Asia",2009,NA,0.0400704036434893,5.7598528932704,7.86975849833945,0.620435366954389,NA,NA,NA,NA,NA,7.67367081057465,0.45510665067749,6.05489272634178,1.50458325636855,3.40792547423915,10.4015158670241,0
"ISL","Europe","Europe & Central Asia",2010,NA,0.0446869503523278,6.4292136615288,7.65446802031172,0.595469393159284,NA,NA,NA,NA,NA,7.23495948160175,2.29547334813769,5.07097617488609,1.28327491698753,3.38550592371541,10.2865193761449,0
"ISL","Europe","Europe & Central Asia",2011,NA,0.0372746076598747,5.43584920521585,7.48577062452325,0.558088820234101,NA,NA,NA,NA,NA,7.06390174315305,0.309599103661974,4.78752380519468,1.34317223234146,3.05537311143885,10.7947866105675,0
"ISL","Europe","Europe & Central Asia",2012,NA,0.0186394293438883,4.54304981338004,7.3795613508299,0.570593722898157,NA,NA,NA,NA,NA,7.10850798366312,1.05574859390742,5.20227849363352,1.36066136056409,3.03363012774958,10.2879903423437,0
"ISL","Europe","Europe & Central Asia",2013,0.101899029230787,0.0267501085166532,4.53486582445193,7.32719675011562,0.574992429357997,1.30716316406342,0.19615087383012,0.501613555342064,0,1.15245663050126,7.14939850798535,0.585845725797642,4.62481610756105,1.35883285510388,3.09300044850283,9.64658834627726,0
"ISL","Europe","Europe & Central Asia",2014,0.108405079322447,0.0199919964231911,5.68784975196508,7.49739865677945,0.629401812330205,1.22157596098064,0.22044656361072,0.543006951512568,0,1.11315576548945,7.27725807542622,0.44638997735649,4.68444239959804,1.45249781575008,3.0329757021213,9.86452710841606,0
"ISL","Europe","Europe & Central Asia",2015,0.0963159504673061,0.0166865654998402,4.81152493123118,7.18967699626025,0.558638004116663,1.20169761677161,0.210422877440962,0.303868915826558,0,1.07815033543014,7.18882739019869,0.455047693974606,4.53975734710791,1.48691011286965,3.10887909571959,9.14311569875686,0
"ISL","Europe","Europe & Central Asia",2016,0.0919124918188063,0.0616991799632315,4.76085163684627,6.99508246204282,0.555045187540017,5.43065586432389,0.168085723715822,0.213849254788053,0,1.10709594096185,7.36035750791349,0.455248411432855,3.93290601846318,1.29012681050004,2.97370337836514,8.91662786115452,0
"ISL","Europe","Europe & Central Asia",2017,0.098378360587729,0.0584353531398908,4.71488989744632,7.5371004598976,0.613182761551688,1.19431008280606,0.153931938829831,1.63227098022061,0,1.05965503661921,7.57445637593653,0.534950035840401,3.9765699836929,1.45321057661139,2.98685826451326,9.75750610511475,0
"ISL","Europe","Europe & Central Asia",2018,0.0982067965950537,0.0209829948002379,5.27152739484617,7.30432821853645,0.657538796900496,1.23882086133232,0.200053904024013,0.332826003000996,0,1.12606307040187,7.7773508934285,0.562190222322236,2.92696489347158,1.42776741211897,3.13811951162588,9.90037251539421,0
"RUS","Europe","Europe & Central Asia",2000,NA,2.67019849631353,4.79999132144968,2.73635967996569,0,NA,NA,NA,NA,NA,1.85615047585257,2.72377578199482,3.53159566634037,1.49448465364289,0.588112172815462,7.52392025433257,NA
"RUS","Europe","Europe & Central Asia",2001,NA,2.89246445314821,5.38765068122561,2.83274970366764,0,NA,NA,NA,NA,NA,1.77667017296219,2.18926281266061,2.54828106381493,1.72965314779505,0.57635992314645,8.86846387768484,NA
"RUS","Europe","Europe & Central Asia",2002,NA,2.71311309587862,5.05633918002798,3.51622081136339,0.163882492198429,NA,NA,NA,NA,NA,2.06169805229743,1.91027224792855,2.0316711503282,2.17383406865383,0.678342838695792,9.38562789196169,0
"RUS","Europe","Europe & Central Asia",2003,NA,2.69821221597727,4.79193381894582,3.40020009080599,0.134955736258074,NA,NA,NA,NA,NA,1.69172470617301,1.79354876645608,1.67488205312117,2.48354096550291,0.708757569329051,9.81118117779572,-1.02661920463751e-07
"RUS","Europe","Europe & Central Asia",2004,NA,2.44726725012156,4.11022078052926,3.2206781094353,0.104654467520293,NA,NA,NA,NA,NA,1.57886019259159,1.5975208295916,1.15786762093648,2.47533900215086,0.900963404751162,9.12248091880183,0
"RUS","Europe","Europe & Central Asia",2005,NA,2.51004663592696,3.27997519998999,3.3231538813008,0.0939242132749086,NA,NA,NA,NA,NA,3.65566471836154,2.03866135172135,1.03178008241646,2.73063987736335,0.783603948845018,8.15376135642421,-0.000182505292869516
"RUS","Europe","Europe & Central Asia",2006,NA,2.36682988198064,1.99689364402435,3.58990559005523,0.0807070631496399,NA,NA,NA,NA,NA,3.75720821452422,2.18775026117221,0.700384899950952,2.47351561352609,0.653276914593223,7.68171905351744,0
"RUS","Europe","Europe & Central Asia",2007,NA,NA,NA,NA,NA,NA,NA,NA,NA,NA,NA,NA,0.466918606412012,NA,NA,NA,NA
"RUS","Europe","Europe & Central Asia",2008,NA,2.06048082704746,3.7516472326717,3.75639072065328,0.0573736165391421,NA,NA,NA,NA,NA,3.87226735563194,1.86035081030069,0.524494242534992,2.25202738935137,0.642855561694482,8.47232129586671,-0.61032878696363
"RUS","Europe","Europe & Central Asia",2009,NA,3.43397154798527,4.41637619779369,4.46610908175317,0.0646287235995268,NA,NA,NA,NA,NA,4.71741631180933,1.81296783747966,0.58766489934737,2.83477438569077,0.787076946141449,11.0707321737643,-0.321221574173113
"RUS","Europe","Europe & Central Asia",2010,NA,3.25098720524024,3.65003697552488,3.84372309006263,0.0531529461933128,NA,NA,NA,NA,NA,4.18539183888859,1.3884193823829,0.51642919312821,2.54590532050925,0.678505411634334,12.4146356637343,12.2906121226166
"RUS","Europe","Europe & Central Asia",2011,NA,2.92712823360923,3.85990731702291,3.76435271645942,0.0516825752612961,NA,NA,NA,NA,NA,3.67577775628492,1.55230525889314,0.528458486594604,2.30776824004379,0.862650315695782,11.1371795140243,0
"RUS","Europe","Europe & Central Asia",2012,NA,2.791202011335,3.45505307942683,3.63185468113471,0.0546718169869744,NA,NA,NA,NA,NA,3.2016815404872,1.18396816571792,0.582872113361131,2.63130164337309,0.828013486302726,11.3251493150518,0
"RUS","Europe","Europe & Central Asia",2013,NA,2.26605542665003,3.65146826501904,3.86871809314374,0.0636955675144935,NA,NA,NA,NA,NA,3.13121930712647,1.2436388332561,0.640791107167313,2.73137551879355,1.12556231885289,11.8716209672658,0.0204099775476549
"RUS","Europe","Europe & Central Asia",2014,0.149008228673476,2.42356117256936,5.21205312036024,3.69477994149494,0.0811025936786177,2.43006321280273,0,1.79307861475297,0.0148033082520792,5.04609946077612,3.1427563702134,1.10019333678948,0.6975708413606,2.59268195286017,0.896401777273614,11.0068900735735,0.0311569037433924
"RUS","Europe","Europe & Central Asia",2015,0.0273786403254736,2.11626139394241,2.622657098114,0.868863471761276,0.0484270928858177,12.3763016858653,0,1.66621833128785,0.00272343925878189,0.225849458006831,2.72639155797026,0.80194220753314,0.975475440632089,2.33637393026664,0.365457812243932,12.405399373252,5.98696423942473e-05
"RUS","Europe","Europe & Central Asia",2016,0.117627089480574,2.3055693129739,3.46294332796213,3.6117385268944,0.104066537850727,4.88155560360964,0,1.60069965191794,0.0151440111051431,0.248782177826452,3.60752991947841,1.04229185413571,0.95709894412783,2.25305589077152,0.857935085137105,12.5792101769243,-1.1625987336964e-05
"RUS","Europe","Europe & Central Asia",2017,0.12599713576247,2.0407116946232,3.81744665927625,3.47090214796099,0.137385682938243,4.55805944107195,0,1.02470866317848,0.0172440562728213,0,3.01386625378795,1.02730797502315,0.913045744196879,2.32165582896224,0.937179296859436,13.1254976857004,2.17152200911396e-06
"RUS","Europe","Europe & Central Asia",2018,0.141158960989951,1.7830168335647,4.38950265605656,3.44863673733439,0.147803434486184,3.68151581022721,0,0.914004994426036,0.0352430498730214,0,3.17377964838779,1.0728851185743,0.885852142654978,2.20325812171844,0.89538564323933,11.5431861896611,0
"HUN","Europe","Europe & Central Asia",1995,0.580999524815903,0.990706578018186,7.69580609335782,5.54776148534358,0.776608124602764,2.72619953996422,0,0.0589139173076854,0,0.250803983046912,5.7302266952017,0.566502382860608,8.80041633872452,1.7343619792403,1.81437043762005,17.7559143969472,0
"HUN","Europe","Europe & Central Asia",1996,0.535474801978641,1.06023701909901,5.34250506566267,5.34070793478212,0.389598318784061,3.25356505838429,0.000631803825193079,0.0875258899167479,0,0.0484102130947942,5.35486034046645,1.5104744650166,9.10923523095378,1.72716913697282,1.53525521504917,15.6429291885505,0
"HUN","Europe","Europe & Central Asia",1997,0.548900495228564,1.40727780516783,5.15947899396545,5.37969127035834,0.671640650516031,3.39559586768018,0,0.0399511167689973,0,0.0492115343142055,5.22161888627064,1.20002784917746,8.46506315027405,1.73449431950365,1.22907703184372,14.9916197749537,0
"HUN","Europe","Europe & Central Asia",1998,0.501976240358721,1.17567389609745,7.35162943597319,5.19307135265808,0.789013807813363,3.91655081336715,0,0.056854745735918,9.56345596903582e-05,0.069411563423262,5.30288851755052,1.14180969851109,7.06436234557529,1.89065699125451,1.25859862280496,14.9196894439816,0
"HUN","Europe","Europe & Central Asia",1999,0.496603851512474,1.27822312509466,5.96479826615561,5.16113374295338,0.729681811219734,4.35822046999107,0,-0.0122892876003747,0.00221258632302628,0.0600314118650542,5.05204320340649,0.97417603028053,6.69905104059307,1.81542707804307,1.25549437497095,15.0241409462083,0
"HUN","Europe","Europe & Central Asia",2000,0.478828806492009,1.20803075698307,6.45442115152321,5.29991069712423,0.642026403748773,3.46790691946726,0,0.122561118387808,0.00282395438407308,0.119430049601223,5.2328545145143,1.03344745504781,5.28683211793433,1.96394416989749,1.31056202385095,14.557806271336,0
"HUN","Europe","Europe & Central Asia",2001,0.516844850041513,1.18932749400842,5.82677341023173,5.34823161923361,0.73371176357894,4.90102751555308,0,0.139482541626527,0,0.108559923015132,4.96360560846024,0.851163236534555,4.70364937486113,2.03903150462276,1.48219089347041,14.3089812955773,0
"HUN","Europe","Europe & Central Asia",2002,0.630929405498892,1.40506548617832,7.71976955279268,5.65355652656958,0.851384515826065,4.67817990230046,0,0.193337418464411,0,0.077145982349943,5.43980838062732,0.92429998224686,4.00524404840308,2.26481533871273,1.79040162183522,15.2096027878156,2.2907277069243e-06
"HUN","Europe","Europe & Central Asia",2003,0.607871354065052,1.28972808180692,5.67512750720809,6.3973992678165,0.639482336462281,3.7707408537933,0.186112924461038,0.262428628410446,0.000585195046031338,0.0687238432183052,5.8059342748634,0.732888870729265,4.06848495824059,2.12299357779787,1.701997991736,15.6867488538276,0
"HUN","Europe","Europe & Central Asia",2004,0.538867404000973,1.31025692698843,5.39628101108542,5.88496136417021,0.615761795734295,4.51876357761395,0.0235602823783496,0.191501349727865,0.00141712420662372,0.0652493276006315,5.5317893662412,0.809699272024717,4.34816623179754,1.97661811412713,1.75212004625038,15.712430757605,0
"HUN","Europe","Europe & Central Asia",2005,0.542839766878193,1.28806979469749,5.33882139444004,5.99064356725302,0.593766456204554,4.35553956847288,6.64897153708264e-05,0.305569001253553,0.00121897811513182,0.0640517591405628,5.69659944999707,0.864384030411509,4.09269907464047,1.98914621886287,1.60139504288143,16.5924863075513,0.00139185137509597
"HUN","Europe","Europe & Central Asia",2006,0.536514122525756,1.35491438600481,6.25625877145266,5.93305087690925,0.701015382927051,4.4723581774911,0.212071118401208,0.312368117732162,0.000164901145679567,0.0469020083599109,5.67382928534688,1.07178736393027,3.9142296372954,2.11494376644193,1.65281242820359,17.2573776257261,0
"HUN","Europe","Europe & Central Asia",2007,0.542899681443465,1.26480838516377,6.52686149733799,5.52103755833187,0.605803752258451,4.3704367105352,0.00628110030547253,0.374262068065321,0.000128503602033846,0.0458175699003131,4.94160512058038,0.979381635994155,4.07728066440568,1.95850120252113,1.49129181711648,17.2259292699041,7.78809709296036e-07
"HUN","Europe","Europe & Central Asia",2008,0.486306425438605,1.02090967627345,5.81167023306561,5.30262785806823,0.641938571643433,4.43032099796901,0.0036479131325976,0.282422390831971,0.000768562343460582,0.0430367700082703,4.90054509089077,0.924808861487047,4.09550324837103,1.97681331988411,1.46732282523517,17.4064782818623,-3.67733178689274e-07
"HUN","Europe","Europe & Central Asia",2009,0.553832178525741,0.917894020285034,5.86968845398781,5.37784517035714,0.595213423065867,4.37224504859183,0.0208707006545869,0.458780612190063,0.00179378279424736,0.0402283417378743,5.2401074392638,1.23692601031978,4.53302914208289,1.92686607526834,1.40255657189792,18.1187691592275,7.56870377319562e-07
"HUN","Europe","Europe & Central Asia",2010,0.377577645863581,1.18449494885122,5.90496117132891,5.52848914321934,0.583516400002806,4.08760474304874,0.0114969553821527,0.0733454329299763,0.000580357492134228,0.642492475279434,5.01771210661358,0.662382575405427,4.1430656150344,1.8355201485245,1.78233662872316,17.3879071643994,0
"HUN","Europe","Europe & Central Asia",2011,0.371408692009854,1.05917914393595,7.10378874527123,5.08700990618669,0.712186686294808,3.80985466210878,0.00451511322865289,0.0218477779389589,0.00227168842411879,0.524053435481823,5.11471885223702,0.771148129700902,4.18546050162696,1.89794445054075,1.75677120366771,16.9932751663332,0
"HUN","Europe","Europe & Central Asia",2012,0.330769564321875,0.729653358194124,7.20791628829289,4.70878005066109,0.693084175067329,3.91931653395441,0.00708451918247359,0.0436015847086126,0.000701850355497629,0.685155350754232,5.12395580649833,0.856021167250801,4.57831579819287,1.9265827003477,1.93784705110277,16.7022803604481,0
"HUN","Europe","Europe & Central Asia",2013,0.398598463678955,0.674055858135194,7.63359250548007,4.72644106342073,0.909917553867193,4.28808160211662,0.00633425388291251,0.0657658207164815,0.00104138307573979,0.87307904081015,5.02622053815702,0.757898766655311,4.54621236577936,2.02478590899601,1.81161644638109,16.4586793245953,0
"HUN","Europe","Europe & Central Asia",2014,0.346430749573771,0.589011148736241,8.51528372217726,5.23320078331854,1.1640734871817,4.3800491931112,0.00561021456799629,0.138073273085112,0.0336121826852819,0.867674311944626,4.82435793119839,0.898423075487708,4.05497285981977,1.88852773729366,2.02219386151683,15.3996983251361,0
"HUN","Europe","Europe & Central Asia",2015,0.359424239397341,0.681621825488267,9.66887709253031,5.28750535871246,1.20955790105901,4.06645774984282,0.0135258585618714,0.10276452841556,0.0304404537311794,0.952240804263258,5.23355318137792,1.05008948300794,3.55182937382489,2.02880897339781,2.15694975774751,14.8209318856961,0
"HUN","Europe","Europe & Central Asia",2016,0.349840303594281,0.794143662662196,7.43755473346168,5.06272645692279,0.50566628928427,3.75060332603544,0.00639901927559381,0.125147339533034,0.0186868276554676,0.830198048800894,4.81313087775996,0.682524470047036,3.22607825307112,2.31552881861757,3.32510519057435,14.4930795593167,0
"HUN","Europe","Europe & Central Asia",2017,0.352586610677611,1.10045296435691,7.47183263562109,5.18100910400086,0.446044810450966,3.50879667548904,0.00600180706015352,0.132660272300057,0.0189622687873573,1.19360090564192,4.79648151230938,0.739265154073974,2.78314639390339,2.34403938040598,3.42070151529985,14.0248412760593,0
"HUN","Europe","Europe & Central Asia",2018,0.359087225647477,0.955655753341364,7.76143752400899,5.19096358391859,0.44754107797853,4.14589373758134,0.00529083098989451,0.132458544580338,0.0224563212904418,1.26311340542079,4.79326945451152,0.71234883280608,2.49671129456461,2.28295554280622,3.23553805065346,13.5001613632147,0
"SLV","Americas","Latin America & Caribbean",2002,NA,0.98624544744651,1.81061714250989,3.55174701570409,0.0410606591410877,NA,NA,NA,NA,NA,3.17904257119267,0.43666431740426,2.2978176557801,2.57260822080123,0.804630993553238,2.6973694543453,0.167401148805973
"SLV","Americas","Latin America & Caribbean",2003,NA,0.687864253468493,2.06661302057438,3.05423809580686,0.04077351228024,NA,NA,NA,NA,NA,2.70388791621369,2.24933876079324,1.98280080088722,2.32560033005813,0.239355618385853,2.8767978108836,0
"SLV","Americas","Latin America & Caribbean",2004,NA,NA,NA,NA,NA,NA,NA,NA,NA,NA,NA,NA,2.65140264729568,NA,NA,NA,NA
"SLV","Americas","Latin America & Caribbean",2005,NA,0.766770970584931,3.03986929598356,3.48482778290685,0.1489998603,NA,NA,NA,NA,NA,3.7583343757863,2.44046803148904,2.5989929970137,2.7323444701589,0.172812623361644,2.6826778500589,0
"SLV","Americas","Latin America & Caribbean",2006,NA,NA,NA,NA,NA,NA,NA,NA,NA,NA,NA,NA,3.26564826080201,NA,NA,NA,0
"SLV","Americas","Latin America & Caribbean",2007,NA,0.697165157328921,1.6371036788879,3.18074255169207,0.0370332250520422,NA,NA,NA,NA,NA,3.22424189540399,1.09924017217966,2.57527871353963,2.46359120941442,0.17282171690953,4.63268010531975,0
"SLV","Americas","Latin America & Caribbean",2008,NA,0.657145454934411,1.78240975340078,3.33798757311862,0.0344695585498591,NA,NA,NA,NA,NA,3.82167331406019,1.36877505080247,2.49348338864707,2.55297117517666,0.170123950262208,5.42784355035927,0
"SLV","Americas","Latin America & Caribbean",2009,NA,0.756748723460599,2.46170586993602,4.78081119213284,0.152826881840016,NA,NA,NA,NA,NA,4.2183628165878,0.404508326654615,2.71509170376742,2.97075005628789,0.185210273159276,5.92388809273548,0
"SLV","Americas","Latin America & Caribbean",2010,NA,0.775697029714658,2.0988811314152,4.077965586683,0.195685973254362,NA,NA,NA,NA,NA,3.58360102267198,0.281874532111546,2.71195823875782,3.07189033360795,0.169666785674834,5.32146592642125,0
"SLV","Americas","Latin America & Caribbean",2011,NA,0.779933213856632,1.87933338256731,3.48159820243713,0.0882478162328301,NA,NA,NA,NA,NA,4.32364999084871,0.845009815771345,2.60799412218811,2.86977954352684,0.250446316459652,4.51789378747293,0
"SLV","Americas","Latin America & Caribbean",2012,NA,0.757818953711994,2.9667685449079,4.01321661807335,0.139313389192314,NA,NA,NA,NA,NA,3.26114670966019,NA,2.43924028579706,2.47762637321997,0.138354500798814,NA,NA
"SLV","Americas","Latin America & Caribbean",2013,NA,0.739849460360773,2.935297029274,3.86340566393677,0.134600762302882,NA,NA,NA,NA,NA,3.24724339055703,NA,2.57105645290708,2.51694330860288,0.137783888438423,NA,3.129467723542
"SLV","Americas","Latin America & Caribbean",2014,0,0.72587329983436,2.21302835315354,3.95955032946231,0.152256350696963,0.447031727337014,0,1.33821824515194,0.0101799304245063,1.04100853732342,2.35112132239032,0.323102139560416,2.81803692956121,2.78797311930283,0.0730299356540667,3.77277073645615,3.40053936745572
"SLV","Americas","Latin America & Caribbean",2015,0,0.699711177549502,3.56980696497359,4.08392401920966,0.145488726551451,0.510277175822686,0.0277324552077547,0.525210036319169,0,0.225699520075419,3.87358401278776,0.598167726173416,2.59405119481767,2.91020118418607,0.0959969603345354,2.24718217814221,1.61744211834766
"SLV","Americas","Latin America & Caribbean",2016,0,0.54980284679847,3.01232342869403,4.06763024833959,0.166431283443513,0.91992614878479,0.179679544812151,1.64237040154332,0.00703813885208885,0.175953471302221,3.81632729050324,0.212386190065975,2.7043013518732,2.97796075076912,0.132068605518608,4.60252880109834,0
"SLV","Americas","Latin America & Caribbean",2017,0,0.67313942858419,3.67619173036086,2.32509900361976,0.148026489360886,3.19520592888741,0.0693999530065941,1.31097714696849,0,0.174101616213074,3.8266251545081,0.349807855617052,2.95611707344273,3.29589603411663,0.134788348035928,4.90814118517733,0
"SLV","Americas","Latin America & Caribbean",2018,0,0.610969548063557,2.85912257102607,3.95902126747717,0.0890357632856439,2.62348481819251,0.0406801332253373,1.51782949911518,0,0.17999040078003,4.02157656668217,0.279771859634631,2.99305999079628,3.07864178050619,0.15504503606638,4.36966034814802,0
"ITA","Europe","Europe & Central Asia",1995,NA,1.25819302648571,4.3592180177546,4.37321824516946,0.596964011598158,NA,NA,NA,NA,NA,5.14851002655881,0.684315684315684,NA,1.92094490874979,0.683006018371872,17.5719605597654,NA
"ITA","Europe","Europe & Central Asia",1996,NA,1.2115971262197,4.28647302331735,4.50204489370963,0.611263117326855,NA,NA,NA,NA,NA,5.21941623221863,0.70215686913639,NA,2.01095595185824,0.759103276239927,16.8973603327051,NA
"ITA","Europe","Europe & Central Asia",1997,NA,1.18215934010478,3.72421481461092,4.47304724416674,0.654940497490526,NA,NA,NA,NA,NA,5.41018653600888,0.741547157000376,NA,1.98179599401764,0.775835650123409,17.2992191729289,NA
"ITA","Europe","Europe & Central Asia",1998,NA,1.0857781468764,3.88261900715016,4.4513557475612,0.708851350815809,NA,NA,NA,NA,NA,5.42316637883433,0.746050855174685,NA,2.01550155482303,0.764809127969289,17.0092620072761,NA
"ITA","Europe","Europe & Central Asia",1999,NA,1.07747917487981,3.89918269616401,4.44373334971696,0.734959066543107,NA,NA,NA,NA,NA,5.5217927778944,0.700246266326024,NA,1.98873284626189,0.802029521239831,17.2446160173803,NA
"ITA","Europe","Europe & Central Asia",2000,NA,1.11993622036252,3.78427731876989,4.34410018180102,0.767550495575207,NA,NA,NA,NA,NA,5.83328693493815,0.668161098455781,NA,1.98270429213398,0.722314077595869,16.8126803989778,NA
"ITA","Europe","Europe & Central Asia",2001,0.484875547582936,1.17369446219464,4.42546328018539,4.43512537628283,0.744173871536466,2.51430067211234,0.0471171538775416,0.415046693715403,0.00985456813125053,1.05174418157042,6.15656445118524,0.675384366651526,6.14540107322406,1.83995565444341,0.735104589303174,16.6522184326617,0
"ITA","Europe","Europe & Central Asia",2002,0.501413662556333,1.15002656422412,4.36499615468924,4.45347917030454,0.781917008162462,2.56740439665774,0.15247493117451,0.357558171935547,0.0103284675600667,1.11762935662564,6.26796800404222,0.673237751663515,5.52714194955398,1.90459914028511,0.712515650600574,16.2972072269551,0
"ITA","Europe","Europe & Central Asia",2003,0.487305396024618,1.25497138509926,4.20645152939975,4.55768963888204,0.766443591002863,2.63664073504953,0.138562416724131,0.361973640783226,0.0150283057059385,1.1109441299366,6.27061448512953,0.660253151450088,5.02707611728981,1.97251905323112,0.724673529832625,17.1063824279558,0
"ITA","Europe","Europe & Central Asia",2004,0.489587209836208,1.2790992313391,4.04684461008739,4.33227029411826,0.755680723685982,2.54825620372793,0.083611636033232,0.368277841949843,0.0169846923733898,1.13776725862232,6.60117663872938,0.673222113517122,4.84236341303941,1.89862624217824,0.763641435192697,17.1617198174767,0
"ITA","Europe","Europe & Central Asia",2005,0.498481263320411,1.26775075936834,4.13838124486063,4.45542633707564,0.753159140109752,2.50381781872493,0.175132994344594,0.343217707966235,0.0206078303042508,1.09671248049137,6.84012149893437,0.643152259645236,4.74013660239306,1.91558844753226,0.739579452583531,17.2237157864707,0
"ITA","Europe","Europe & Central Asia",2006,0.480020975489417,1.21048206169429,5.07159952314343,4.38482015196897,0.693004855102507,2.45874325303492,0.135229910221289,0.376305963161151,0.0286088109971495,1.08254965856708,6.91894084111196,0.631324775230324,4.60595399083226,1.8302535270208,0.694483730433963,17.3007102476374,0
"ITA","Europe","Europe & Central Asia",2007,0.50318349453761,1.19865652057218,4.04009935683967,4.43498563575455,0.747226557452012,2.28355467856894,0.133453283895146,0.332452757040468,0.0334875791524598,1.01668041790511,6.70217551219221,0.647552859429208,4.86563963140054,1.80714882153543,0.723518096961142,17.4565966181894,0
"ITA","Europe","Europe & Central Asia",2008,0.500934043480046,1.31611597211287,3.90149563367605,4.3007356549731,0.784424970483736,2.45473611203865,0.115369227479565,0.337775120071611,0.0339429378776841,1.04371470531832,7.03335659506994,0.640743411608362,5.00915662827765,1.76025380004669,0.714841947834484,18.0354636305097,0
"ITA","Europe","Europe & Central Asia",2009,0.535959854508834,1.49750870855291,4.43093842565131,4.54200227735255,0.839861171774815,2.57139932569511,0.0839225394960452,0.334927225806944,0.0286735343278154,1.11375382340282,7.44125899067888,0.73684625454342,4.59768361075455,1.95609452475365,0.748169439607243,19.7774908305089,0
"ITA","Europe","Europe & Central Asia",2010,0.527449104558075,1.3753688809391,4.00603920810962,4.36492024069579,0.83906975004908,2.55086427986027,0.0898090700305077,0.259642321823105,0.0233715484118254,1.05340243001779,7.4173815763642,0.758671623512401,4.49082744629997,1.93379307765898,0.669342449275949,19.7717067151133,0
"ITA","Europe","Europe & Central Asia",2011,0.495034690902562,1.37420066798537,3.95029255658608,4.08864699678344,0.857119650483279,2.44097416671298,0.11810968322299,0.281044861526473,0.0211302742477531,0.988420487571918,7.16120872497116,0.650397169764654,4.82539736824266,1.93171012927942,0.64798489857163,19.6770487968874,0
"ITA","Europe","Europe & Central Asia",2012,0.514980489876121,1.29160429315704,3.99038595642997,4.08416472185289,0.865449879592007,2.78032437324308,0.0619241104220323,0.254019023533022,0.0200215091754919,0.960846482134057,7.16106777249863,0.689254400238027,5.36669425047962,1.88512116732217,0.61562111618364,20.3932397963137,0
"ITA","Europe","Europe & Central Asia",2013,0.516951265112801,1.2297145706095,3.98766047613112,4.10769039012838,0.928393369063941,2.75894303876355,0.108438240059828,0.249470272965225,0.0249906518758569,0.938551663966098,7.15418172753334,0.575470522248535,5.04512027919731,1.90090988408326,0.670447463542316,21.014458432008,0
"ITA","Europe","Europe & Central Asia",2014,0.496353803457459,1.19260562316449,4.04009798825645,4.05305868011816,0.902870651431996,2.86195753307844,0.125907387162749,0.252801316046656,0.0147364669597929,0.941160801984429,7.14922121779943,0.508364948912554,4.7848506653299,1.85889123809136,0.656555847201952,21.1915327590427,0
"ITA","Europe","Europe & Central Asia",2015,0.495676375200807,1.19303716634606,4.2849706371218,4.00577814956364,0.904069158627336,2.61554180593504,0.0817148744072645,0.226622585022814,0.0150113250762975,0.86091159903298,7.04569858954074,0.503974974668389,4.32525909668141,1.85547241487429,0.690557271231643,21.3218924438558,0
"ITA","Europe","Europe & Central Asia",2016,0.452059180162656,1.30072794606299,3.89864500601542,3.91214346117907,0.875476307281887,2.49469914896412,0.0950987174396372,0.233515581217678,0.0134925373840929,0.834821161742975,6.94344910679994,0.456787486026643,4.12137839288494,1.81912543503077,0.770885471436949,20.9363347522196,0
"ITA","Europe","Europe & Central Asia",2017,0.447671419714099,1.2900439566674,4.10298121493612,3.91355593982342,0.845440762123976,2.51409212664476,0.120992275598405,0.211012844285257,0.0134886125427887,0.79634915939314,6.87427165834097,0.442727524816442,3.97526200037861,1.81667875624572,0.750910481346638,20.8009457080451,0
"ITA","Europe","Europe & Central Asia",2018,0.465457509216093,1.25880701043438,3.82995604391852,3.97442544910844,0.842809341706029,2.4244997527008,0.105009672842222,0.205466080737356,0.0138305422767805,0.808375275543674,6.88174772521729,0.465833153574228,3.86503895033583,1.84879631595333,0.765284314400668,20.8799639836743,0
"ISR","Asia","Middle East & North Africa",2000,NA,7.68432168928025,2.75636534570283,7.05360639292633,0.543020846466267,NA,NA,NA,NA,NA,4.9928913177287,0.274464984086846,5.61332432434142,1.45179325067369,1.38275309142357,11.351071083261,0
"ISR","Asia","Middle East & North Africa",2001,NA,7.93830373749452,2.74392118185159,7.45709776387487,0.595451374095068,NA,NA,NA,NA,NA,5.29663634649,0.522008484552513,5.89166447674771,1.54967159465561,1.46175013012899,12.3865515812613,0
"ISR","Asia","Middle East & North Africa",2002,NA,8.84508640420015,2.96007296839133,7.48384745006694,0.599982777558708,NA,NA,NA,NA,NA,5.3239883068286,0.502456405326961,8.75574459683674,1.63493835498429,1.44054686336006,12.238673177823,0
"ISR","Asia","Middle East & North Africa",2003,NA,8.32151764738135,2.81471856257685,7.10122867945801,0.627266992888563,NA,NA,NA,NA,NA,5.26753571838627,0.557833127224703,5.36678775784068,1.62719026297196,1.42661108138557,11.9843515685179,0
"ISR","Asia","Middle East & North Africa",2004,NA,7.52615977101435,2.6360478961622,6.73696221551966,0.591213613186789,NA,NA,NA,NA,NA,5.17616166639911,0.42232567789991,5.51943998061582,1.5961557645446,1.25070782918744,11.1585027235337,0
"ISR","Asia","Middle East & North Africa",2005,NA,7.54705007139232,2.27841216738377,6.50443237914246,0.597016082888765,NA,NA,NA,NA,NA,5.12638959881624,0.510076404579876,5.86487015423646,1.5791202335766,1.21931809594937,10.8239891256069,0
"ISR","Asia","Middle East & North Africa",2006,NA,7.65301375632666,2.75951486377445,6.35272363137993,0.579807522364612,NA,NA,NA,NA,NA,4.97983191959868,0.44007280699288,5.20954848197633,1.56570141360806,1.2726109873184,10.5981351567792,0
"ISR","Asia","Middle East & North Africa",2007,NA,7.04487664740565,2.46321084364209,6.33757491757693,0.585778173166633,NA,NA,NA,NA,NA,4.83528184377113,0.35666878299117,5.00231932009002,1.54299652974871,1.32219108338604,10.4327332588159,0
"ISR","Asia","Middle East & North Africa",2008,NA,6.81637057624179,2.43518223375559,6.55949305933875,0.607992734713352,NA,NA,NA,NA,NA,4.90256519775273,0.272861107604913,5.52969914356817,1.56424109744985,1.3458667754239,10.4835802501122,0
"ISR","Asia","Middle East & North Africa",2009,NA,6.44421286601259,2.43520936201062,6.59307575322496,0.559247960131437,NA,NA,NA,NA,NA,4.95883114341567,0.222303480789021,5.14925372138014,1.60677414678713,1.44560056958837,11.1929894621414,0
"ISR","Asia","Middle East & North Africa",2010,NA,6.29044804483677,2.29429177766127,6.65598121449943,0.615720772716892,NA,NA,NA,NA,NA,5.02849385880949,-0.0902675519730722,4.17140296804996,1.61326922911044,1.52315790316091,10.9349556019041,0
"ISR","Asia","Middle East & North Africa",2011,NA,6.12503282506875,2.27805549955261,6.59450007596208,0.580727569999819,NA,NA,NA,NA,NA,4.96666586269506,-0.0768424970394664,4.13745069693218,1.58645466397041,1.5438345976561,10.6834072933452,0
"ISR","Asia","Middle East & North Africa",2012,NA,6.12977668025728,2.47514534199013,6.8660304686711,0.571063111407307,NA,NA,NA,NA,NA,5.04155244807935,0.240893463240297,3.6592157111477,1.6095860263743,1.50155860044786,10.9080105267714,0
"ISR","Asia","Middle East & North Africa",2013,0.0913735677092579,5.96537001141699,2.70543173163745,6.98110580481045,0.572292631974132,0.69718530652113,0.0524290248771504,0.00787168601582825,0,0.604138423691705,5.07247091427272,0.178385794786407,3.56097517635532,1.57301331758164,1.479871145537,10.8273376410736,0
"ISR","Asia","Middle East & North Africa",2014,0.0847849761676109,6.02079643672207,2.57267561676424,6.92152651638566,0.567477952461149,0.650048430666323,0.0384086684868692,0.00750456203984162,0,0.584086435198208,5.1333109300327,0.156837824923465,2.49303477395885,1.59027117867792,1.42888736347625,10.6070038296087,-1.80312571843126e-05
"ISR","Asia","Middle East & North Africa",2015,0.0851563661547024,5.82699129317782,2.30375147902333,6.83660021432016,0.557062517934488,0.652022143465636,0.0397899004195738,0.00652696578770873,0,0.582704777426965,5.04548250755006,0.0233303584822483,2.1311124619092,1.56746388149089,1.41036251210403,10.6094262450579,0
"ISR","Asia","Middle East & North Africa",2016,0.038424709338555,5.73396678497296,2.22942403880629,6.90075838506529,0.551964113772435,0.784312689327889,0.00283423668255181,0.0155258200885413,0,0.575832627875499,5.1324913847666,0.216092407064268,2.14926444409152,1.56260657630479,1.41168149599817,10.5826897630823,0
"ISR","Asia","Middle East & North Africa",2017,0.0358995298665667,5.45644072766354,2.50338323389259,7.14567366087639,0.549700298105998,0.768835127677842,0.00164522909458112,0.0157829118314298,0,0.595968372606149,5.25821215324292,0.00395817551910701,2.22066432118389,1.65042849693065,1.53040390482317,11.0662156115941,0
"ISR","Asia","Middle East & North Africa",2018,0.0271675716737041,5.54383688998758,2.63032441712198,7.15168440218275,0.530541808445572,0.817953701407674,0.00201323320809753,0.0130595315128348,0,0.586609222980858,5.34993000481841,0.259820813981856,2.44094388729842,1.67395578721562,1.51661855917594,11.1610710832943,0
"CYP","Asia","Europe & Central Asia",1995,0.070328067410755,2.16454163030879,3.4981701678757,4.72500423270776,0.195355742807653,3.05666618913041,0,0.0664209525546019,0.098980243022544,1.46126095620124,2.04211869814933,2.10202779261034,1.8558795566727,1.62666215177839,0.842634437310342,7.12657749762317,0
"CYP","Asia","Europe & Central Asia",1996,0.080206531819435,3.21452740807579,3.61931974835201,4.88507907862747,0.218061508384089,3.12429505977893,0,0.0701807153420057,0.0977517106549365,1.35097877033361,2.04777301551495,1.9976439331278,2.21194576033286,1.69060330350653,0.842168584104068,7.47925909216232,0
"CYP","Asia","Europe & Central Asia",1997,0.0907636085699955,2.98325650273485,3.83595672008981,5.11978407815224,0.211383667327489,3.15522965581484,0,0.0728497384574964,0.0979291566149951,1.52387321756992,2.36343659684238,1.9239496500824,2.29416963240739,1.79735830128741,0.80492989705496,7.9227076217546,0
"CYP","Asia","Europe & Central Asia",1998,0.0993399412790569,1.83778891366255,4.10053202057441,5.09724276474094,0.219651647939248,3.0331795403872,0,0.0717455131459856,0.0927172785271198,1.45257069692488,2.54089494249321,1.91394953530983,3.16563279542595,1.80688315415351,0.817898849864235,7.94719530232455,0
"CYP","Asia","Europe & Central Asia",1999,0.0986487180804604,1.96269845347583,3.80311360016441,5.10609875147716,0.211683707547655,2.89472332117351,0,0.0709037661203309,0.0924831732004316,1.44170991111339,2.63371525458562,2.06545753480964,3.03344808097416,1.81267019472846,0.833376149617222,8.03164979705081,0
"CYP","Asia","Europe & Central Asia",2000,0.103822557810288,1.72534214252006,4.29259084473808,5.08824917413874,0.215195847097688,3.03161868806041,0,0.0717319490325625,0.0868334119867862,1.46767343086362,2.45681925436527,1.93298725814063,3.20717319490326,1.78952336007551,0.827748938178386,8.13685700802265,0
"CYP","Asia","Europe & Central Asia",2001,0.110362707915459,1.90682234231709,4.53713354763552,5.12135518398164,0.236491516961697,3.02358783908066,0,0.0700715605812436,0.0945966067846788,1.46011614361166,2.64520141194195,1.98390105895646,3.14621307009784,1.78332121679265,0.899543658961715,8.26932004309401,0
"CYP","Asia","Europe & Central Asia",2002,0.144817714911173,2.04260335101457,4.46830007577671,5.38856613622969,0.233223878083691,3.14220762818894,0,0.0724088574555864,0.17007661867475,1.53658331228425,2.85088827144902,2.14279700261009,2.93508461732761,1.86494906121074,0.953944598804412,9.00479919171508,0
"CYP","Asia","Europe & Central Asia",2003,0.179052423435627,2.08557148862628,4.69662291559624,6.03951609136345,0.245223971227054,3.68614445638127,0,0.0809628349448051,0.102760521276099,1.70489046662619,3.06023946315413,2.44445482429508,3.23462095380448,2.06377380229499,1.05329534308001,9.8416553785791,0
"CYP","Asia","Europe & Central Asia",2004,0.197741132320572,1.78111355681449,4.29906542056075,5.7611951069895,0.267744379893913,3.2937610507704,0,0.0772200772200772,0.106087395807022,1.62017825569227,2.81023346443907,2.02576408183885,2.98704579078411,1.9586475661242,0.968498538591996,10.3864612275827,0
"CYP","Asia","Europe & Central Asia",2005,0.23882933148027,1.81011044169933,4.01287249617131,5.65769145139418,0.286055470473543,3.6492312259231,0,0.0762364815177132,0.0836577319309419,1.43365064801009,2.75868117633566,2.08402204786032,3.1486341525944,1.91063465184216,1.05854017257781,11.0563137974538,0
"CYP","Asia","Europe & Central Asia",2006,0.269998312510547,1.85186342585359,3.88997568765195,5.61058993381291,0.269998312510547,3.75872650795933,0,0.0756245273467041,0.0837494765657715,1.4974906406835,2.81435741026619,2.09811188680071,2.91685676964519,1.91248804694971,1.04499346879082,10.6024337347892,0
"CYP","Asia","Europe & Central Asia",2007,0.30779597523927,1.66746613673222,3.34178487402636,5.56431165627356,0.267822471961443,3.8785719180429,0,0.113638959318395,0.0388314031841751,1.71771854085292,2.61483816441673,2.30018958861555,2.77872952785582,1.86619155302771,1.14895269421412,9.99451791955047,0
"CYP","Asia","Europe & Central Asia",2008,0.310423385929929,1.64682236942487,3.41255267990088,5.99064520711554,0.270962786023582,3.96868406791432,0,0.0852348957977092,0.0720813624955936,1.61946302015647,2.69068677228077,2.44866175952184,2.58177551653925,1.91673287278429,1.16750761589578,10.2266090717288,0
"CYP","Asia","Europe & Central Asia",2009,0.37539829169679,1.76721021768817,3.49211449380138,6.35499504645621,0.292392963290224,4.602779339706,0,0.0953222481056042,0.0765791094331539,2.00444480145661,2.95659624601708,2.92607170589338,2.34449888879964,2.06870699119072,1.20438053926688,11.5430958309904,0
"CYP","Asia","Europe & Central Asia",2010,0.402603189736468,2.19488688767526,3.64985439961864,6.52714592163487,0.302081930008187,3.93121029669316,0,0.0917126957314735,0.062178098800999,1.76274910100832,2.98195798833124,2.54722944754759,2.05757691948973,2.16949749733152,1.15081297864182,12.2138512078096,0
"CYP","Asia","Europe & Central Asia",2011,0.438398653888064,1.90918812623854,3.56293934893999,6.29722921914358,0.30713246734817,4.32570232477991,0,0.0907206462959115,0.0537228408232772,1.74041731497296,3.07588604675914,2.44895063073656,2.18388416139152,2.04957705933333,1.1829161366182,12.6796040727995,0
"CYP","Asia","Europe & Central Asia",2012,0.448441997567946,1.83840695341642,2.96669522876186,5.89696095886545,0.277582517945376,4.56651462054316,0,0.0892779262892707,0.0420735054926448,1.58083500515657,2.97849633396102,2.08982180331149,3.14986890511398,1.98771658876227,0.999502301215514,12.9935299158017,0
"CYP","Asia","Europe & Central Asia",2013,0.480689723603409,1.66312029370583,4.08035015379866,6.29968137768321,0.242566398024321,3.38632680286209,0,0.0975711938965635,0.0374849784461374,1.58429158903234,3.06605073702083,1.92331014409667,3.47287300309802,2.14877126445652,0.906254478903675,13.4394672723063,0
"CYP","Asia","Europe & Central Asia",2014,0.49233669697159,1.57979318451553,11.2851293874468,5.53268332017785,0.259939011578714,3.80683592751804,0,0.0868829465243982,0.0477004412290814,1.40262011709323,2.64623876342285,2.20658266088961,3.074974872089,1.75355907756432,0.872054923650901,13.7417021107445,0
"CYP","Asia","Europe & Central Asia",2015,0.48687028062662,1.48934971261129,3.44979150231038,5.66888312859236,0.35388256508509,4.04710920770878,0,0.0884706412712724,0.0349374506931139,1.42623689845599,2.56733911867463,1.80491378338781,3.10774258987941,1.71813366392426,0.914572297982644,13.6543446410459,0
"CYP","Asia","Europe & Central Asia",2016,0.449968091205071,1.58083741657743,2.70197185536122,5.61108046424592,0.25040291613936,3.46183383630247,0,0.0838281900682524,0.0346129300926978,1.38992547403489,2.56784675125201,1.48457020475711,2.65437907648376,1.67115553103806,0.886415506592681,13.5612378449124,0
"CYP","Asia","Europe & Central Asia",2017,0.447869059373187,2.11719918976416,2.45157415795527,5.42532292377065,0.282971814785786,3.27046201765011,0,0.080412853842004,0.0315544110012927,1.22349683946948,2.5767739177346,1.56703276569323,2.57524709139582,1.67594637785898,0.887086102826664,13.0258644381788,0
"CYP","Asia","Europe & Central Asia",2018,0.450535191429219,1.9290045294705,10.1278767443768,5.34178448596057,0.269163422716814,2.86673516345166,0.028459931792638,0.0829679367514194,0.0308717904191328,1.20207033944498,2.74421274522573,1.55275458373732,2.46877849008003,1.7452209021316,0.859586414482729,12.7423314954971,0
"SYC","Africa","Sub-Saharan Africa",1993,NA,2.73252972796872,5.7256882228376,7.66411467665744,NA,NA,NA,NA,NA,NA,4.00716729108975,0.358364554487702,8.54373676494543,1.94249877830266,1.02622576966933,8.01433458217951,NA
"SYC","Africa","Sub-Saharan Africa",1994,NA,2.43148735463934,5.70057737659592,7.82711230381394,NA,NA,NA,NA,NA,NA,4.12295681873628,0.211433683012117,9.33561031145808,1.79312027323737,0.54891436935838,6.92851915101244,NA
"SYC","Africa","Sub-Saharan Africa",1995,NA,2.28089748357506,6.1567703813892,6.43361844551878,NA,NA,NA,NA,NA,NA,4.22296599314078,0.161150365687368,10.0822280071071,1.85942729639271,0.508243461014008,7.60299161191686,NA
"SYC","Africa","Sub-Saharan Africa",1996,NA,2.09583233341333,5.25557955363571,5.76753859691225,NA,NA,NA,NA,NA,NA,4.45164386849052,0.167986561075114,10.1711863050956,2.03183745300376,0.439964802815775,8.99928005759539,NA
"SYC","Africa","Sub-Saharan Africa",1997,NA,1.80590896239751,6.93737630760532,5.46013570822731,NA,NA,NA,NA,NA,NA,4.82046932428612,0.173169352558666,10.0120158326265,2.13457732541702,0.413486005089058,9.48190556969183,NA
"SYC","Africa","Sub-Saharan Africa",1998,NA,1.73367069627964,3.64539405866367,5.15103239309031,NA,NA,NA,NA,NA,NA,4.41383188079843,0.193671321025833,9.02445881360697,2.12726080029988,0.571642770124637,8.34660919001656,NA
"SYC","Africa","Sub-Saharan Africa",1999,NA,1.82675840519184,4.84932247694018,4.02908391671424,NA,NA,NA,NA,NA,NA,4.23940149625935,0.198299432142535,9.12477841540727,2.19932097467175,1.09665595048523,8.63503890875222,NA
"SYC","Africa","Sub-Saharan Africa",2000,NA,1.77895425952808,6.20783878404918,3.97916488771241,NA,NA,NA,NA,NA,NA,3.77992201064526,0.324481256937922,7.48014687046367,2.25713716448923,1.1783793015114,7.71069934249851,NA
"SYC","Africa","Sub-Saharan Africa",2006,NA,1.56853693726427,4.83216322377665,3.56485667560062,0.0427782801072075,NA,NA,NA,NA,NA,3.21550072139176,0.809222465361342,7.23487662313147,1.93749960318894,1.44554938195605,6.04599692181866,0
"SYC","Africa","Sub-Saharan Africa",2007,NA,1.60774887424424,2.97699189896876,4.0665824839114,0.736884900695274,NA,NA,NA,NA,NA,2.89022312441589,1.02433353652684,6.01895209835149,1.98990685467927,0.765470952877419,4.13602637835388,0.0307486159045237
"SYC","Africa","Sub-Saharan Africa",2008,NA,1.12082014229207,0.772011291788132,2.29608560498618,0.810447269754782,NA,NA,NA,NA,NA,2.64874483134763,0.913341513177136,4.90720832855764,1.67999376395063,0.395283389992535,0.968606760295007,0
"SYC","Africa","Sub-Saharan Africa",2009,NA,1.28850770258875,NA,NA,NA,NA,NA,NA,NA,NA,3.1162457844333,NA,5.9185186328574,NA,NA,NA,0
"SYC","Africa","Sub-Saharan Africa",2010,NA,0.782145666799289,1.84275034319835,3.54826328751663,1.53775586433002,NA,NA,NA,NA,NA,3.77854614350522,1.38999514762496,5.3382556665029,3.04275603551354,1.19937920784437,1.95768405928619,0
"SYC","Africa","Sub-Saharan Africa",2011,NA,0.879988719594329,2.06705763148178,4.08765711536026,1.30140274029549,NA,NA,NA,NA,NA,3.26532117552057,2.02993694274356,2.94886091784589,3.14884835997664,1.45329801246582,4.56327333480617,0
"SYC","Africa","Sub-Saharan Africa",2012,NA,0.986851334723822,1.85433636881459,4.21968917758075,2.11210619644754,NA,NA,NA,NA,NA,3.6347058421309,0.776074257851568,3.8689841183178,2.47423911690705,0.784565396446581,4.40714567864409,0
"SYC","Africa","Sub-Saharan Africa",2013,NA,1.32492010888066,2.77651226083546,4.45032502645284,1.26029584596995,NA,NA,NA,NA,NA,3.6106838923976,1.38581378745062,2.66513310183869,3.17734262767902,0.607162858393792,3.91376602130367,0
"SYC","Africa","Sub-Saharan Africa",2014,0,1.60126868800834,2.28840589699339,4.25722827831987,1.53513249760785,4.9600411803408,0,0,0,1.97047117326804,3.67342719358143,1.68721222900722,2.78154217934144,3.30339439539344,1.19494606591786,3.87826691342506,0
"SYC","Africa","Sub-Saharan Africa",2015,0,1.36605306321281,2.84100041881111,4.22290434482975,1.43962116062034,5.09763681735774,0,0,0,1.94744052333966,3.58815089261648,1.26036348115424,3.34503744784462,3.28268330403349,1.29545930558442,3.86342867854028,0
"SYC","Africa","Sub-Saharan Africa",2016,0,1.87188404607918,3.10984450153654,4.57371047354303,1.52872935615885,5.70499589194946,0,0,0,2.01634630492917,3.86246842890814,1.41067035573877,3.24986533767161,3.46929703317676,1.32234943302203,5.97251280381063,0
"SYC","Africa","Sub-Saharan Africa",2018,0.161077991804738,1.35891647622848,3.73040642707484,4.49883757621602,1.66274133702632,5.72395724755091,0.44221364306548,0,0.0208003722412265,1.8794321668672,4.25321424606949,1.87770864257341,2.53838886778245,2.43270299390666,1.04281485424231,6.41492653882729,0
"ALB","Europe","Europe & Central Asia",2005,NA,1.04054809937323,3.25708621912926,3.28157315132074,0,NA,NA,NA,NA,NA,2.68761664801206,1.74620447953937,3.23677034805734,1.7606594059175,0.389248346622314,7.57869707566595,0
"ALB","Europe","Europe & Central Asia",2006,NA,1.31086005191866,4.5134305714932,3.1914838347229,0,NA,NA,NA,NA,NA,2.44259608822986,1.67397873869402,2.86519664846766,1.85643949248789,0.375448043087574,7.88053900051466,0
"ALB","Europe","Europe & Central Asia",2007,NA,1.19044843706793,5.36837801252691,3.27589055290716,0.00909162052343329,NA,NA,NA,NA,NA,2.4964547619474,1.3123881376762,2.65081903460018,1.57127225299635,0.333390798576892,8.01854007664354,0
"ALB","Europe","Europe & Central Asia",2008,NA,1.10759383589756,7.42276178122385,3.50922598858,0.0187817637221378,NA,NA,NA,NA,NA,2.47189450228981,1.53017673962976,2.90007836034513,1.49945043950468,0.37008512492352,7.96837739491874,0
"ALB","Europe","Europe & Central Asia",2010,NA,1.07490486903044,4.24791110681231,3.41307504755557,0.0111322230338612,NA,NA,NA,NA,NA,2.63446478144812,1.88618578969379,3.3561232398606,1.55891456615484,0.316219668787942,8.2355863331374,NA
"ALB","Europe","Europe & Central Asia",2011,0,0.975763880762536,4.14175708540323,3.24000844198606,0.0542524170274462,2.65655315194638,0,0.0570695261795191,0.0163598385747286,0.125094562268396,2.70575952984581,1.82071363730737,3.14763509459046,1.61333626817607,0.351765746100055,8.26521295651966,0
"ALB","Europe","Europe & Central Asia",2012,0,0.957567884915564,3.64145256831256,3.30906110128368,0.0353891139698449,2.28887218407539,0,0.0067578974606482,0.0126341995492234,0.0764009306786815,2.80720824639404,1.71103481164025,3.09962930469402,1.58926135591019,0.359480079210426,8.56540581657485,0
"ALB","Europe","Europe & Central Asia",2013,0,0.995778243481738,3.01718541832353,3.36203688776347,0.04618189242734,2.69986692652976,0,0.0914253118857576,0.0100488342803128,0.0473607150533937,2.79449665399813,1.8169309982277,3.19224279690474,1.52185261486135,0.300966580197365,9.13667553139063,0
"ALB","Europe","Europe & Central Asia",2014,0,0.818742121102329,3.39277683653872,3.22364538690615,0.0658345860797537,2.63813633992378,0,0.00518523941022397,0.0102412069237942,0.0470535340275699,2.75062299897428,2.15567351265016,2.85609881216291,1.69787145419486,0.426015535422543,9.24874563708247,0
"ALB","Europe","Europe & Central Asia",2015,0,0.718769291141458,4.12718777846851,3.1012356583004,0.0966559522261195,2.80779504062959,0,0.0562168033977229,0.00880697777643001,0.043679227846907,2.74648229237916,1.93200873924734,2.69587361367468,1.75419638898716,0.451152878854756,9.16234813389175,0
"ALB","Europe","Europe & Central Asia",2016,0,0.701752449276953,3.02629348011021,3.12776553554145,0.185226617010861,3.12312607992595,0,0.00841075267471499,0.00717401703002685,0.0740432680183952,2.83814132488387,1.71962729038456,2.46016110866459,1.72732125225752,0.431427287933187,9.45066476030143,0
"ALB","Europe","Europe & Central Asia",2017,0,0.705892805887195,3.48315660311087,3.08912988778482,0.184188473229209,2.95567681726778,0,0.0521447731813192,0.00695723546779282,0.0778983428932072,2.92394406103672,2.26786018697233,2.05115497101138,1.72337833862148,0.415205311182001,9.28833357904078,0
"ALB","Europe","Europe & Central Asia",2018,0,0.673638066077395,2.79335206124887,3.12915422124711,0.0858351204466444,2.90128128007083,0,0.00731154151575435,0.00594297714346562,0.0853712517072555,2.97140913800096,2.32005435598083,2.20708018564029,1.72972165821841,0.447591494369147,9.16509611736556,0
"IDN","Asia","East Asia & Pacific",2008,NA,0.169073265093853,1.52983413975577,2.21384118343326,0.273570314213606,NA,NA,NA,NA,NA,1.14392444218916,1.65544999568685,1.63478641915658,0.20987131683383,0.0939637775943191,0.147601354713607,0
"IDN","Asia","East Asia & Pacific",2009,NA,0.218672100808883,1.74329500322306,2.74088706826641,0.381287143124493,NA,NA,NA,NA,NA,1.03071427086149,1.07827244182903,1.56525254205569,0.402437046432804,0.125214613961032,0.377665675490216,0
"IDN","Asia","East Asia & Pacific",2010,NA,0.249061312636843,1.31624632978052,2.89883656247866,0.220625092482545,NA,NA,NA,NA,NA,0.818570956906415,1.15355134940492,1.28948985560901,0.26004740496655,0.0712604188866909,0.130116503714067,0.25746441309537
"IDN","Asia","East Asia & Pacific",2011,NA,0.701698450635275,1.76701789618278,3.24390817554138,0.235165275189658,NA,NA,NA,NA,NA,0.779141149728681,1.14679829197293,1.19227102684644,0.355658510014268,0.108812667858911,0.140598636877746,0.358079432298832
"IDN","Asia","East Asia & Pacific",2012,NA,0.709766682457598,1.86606910671089,3.12601250425894,0.241267559721901,NA,NA,NA,NA,NA,0.804656194975118,1.26184689830066,1.16825037348948,0.399804798319162,0.114912135159696,0.158633574306083,0.686576472069115
"IDN","Asia","East Asia & Pacific",2013,NA,0.913105766166702,1.75606166852466,3.04090640252902,0.268334804434968,NA,NA,NA,NA,NA,0.832287709349146,1.4660489785708,1.1958348793344,0.445753223241995,0.107554534641982,0.277828700079006,0
"IDN","Asia","East Asia & Pacific",2014,NA,0.811675289781381,1.56657755624816,3.0466243167521,0.225889457546246,NA,NA,NA,NA,NA,0.816016108298138,1.44792676911558,1.26810068591463,0.46515104719452,0.100098785147944,0.22628442340742,0.842238995282436
"IDN","Asia","East Asia & Pacific",2015,NA,0.917905782388602,2.13191660421577,2.97817952741171,0.212113662950172,NA,NA,NA,NA,NA,0.855433426243356,1.24809298091841,1.35459251832739,0.584113154133143,0.116130383532592,0.275390519365444,1.16295398045711
"IDN","Asia","East Asia & Pacific",2016,0,1.08225222634748,2.30139550554846,3.56997140590539,0.257812175327581,0,0,1.79735060723974,0,0,1.53264472143598,1.47722891122268,1.47557110332119,1.30945200303866,0.171056953022332,1.4504125886626,0.511176698164055
"IDN","Asia","East Asia & Pacific",2017,0,0.864832407401169,2.78699436017441,2.67049206752601,0.194085733505787,0,0,0,0,2.63561967101763,1.3874511938801,1.36062077982056,1.59469348661238,1.07910651679843,0.15864358147204,1.19378348881924,0.649793936453291
"IDN","Asia","East Asia & Pacific",2018,0,0.720577004685304,3.11707018647055,2.75660644033198,0.212495081982504,0,0,2.20181052076586,0,0,1.40132697531454,1.2656492691911,1.74227018960469,1.06785422928509,0.194178807320431,1.27571453606448,0.457009798686575
NA,NA,"Europe & Central Asia",2011,NA,NA,NA,NA,NA,NA,NA,NA,NA,NA,NA,NA,0.0957434400126834,NA,NA,NA,NA
NA,NA,"Europe & Central Asia",2012,NA,NA,NA,NA,NA,NA,NA,NA,NA,NA,NA,NA,0.192373771134268,NA,NA,NA,NA
NA,NA,"Europe & Central Asia",2013,NA,NA,NA,NA,NA,NA,NA,NA,NA,NA,NA,NA,0.213258954275216,NA,NA,NA,NA
NA,NA,"Europe & Central Asia",2014,NA,NA,NA,NA,NA,NA,NA,NA,NA,NA,NA,NA,0.22515361629458,NA,NA,NA,NA
NA,NA,"Europe & Central Asia",2015,NA,NA,NA,NA,NA,NA,NA,NA,NA,NA,NA,NA,0.273378606140181,NA,NA,NA,NA
NA,NA,"Europe & Central Asia",2016,0.000329483151127875,0.726180865085837,6.35325886162326,4.61523523942371,0.174131845371082,1.30689491894872,0.0341015061417351,0.236568902509814,0.021251663247748,1.259943569913,2.76502260426513,0.667368122609512,0.282367060516589,2.5513527807587,0.630795492834317,6.35935429991912,0
NA,NA,"Europe & Central Asia",2017,0,0.544289873820189,6.52991936274339,4.40842056209277,0.15482092371912,1.26585204398342,0.0360157435842062,0.515290184180958,0.0143439325097271,1.21689557867848,2.78474976691561,0.550214541595946,0.25522845128721,2.43301159580752,0.747287701294806,6.25785238198824,0
NA,NA,"Europe & Central Asia",2018,0,0.687979590071395,6.65671300694431,4.46855629762078,0.243457433878714,1.42068522607355,0.0282654728265161,0.264455900152811,0.0125996262457899,1.31819740985367,2.95764498238714,0.656203091184738,0.248810304229918,2.61032022559223,0.844929223198643,6.51956625134806,0.0128338294222779
"SVK","Europe","Europe & Central Asia",1995,NA,1.56235459061862,9.88168629164169,3.51894766786211,1.6199544849587,NA,NA,NA,NA,NA,4.06945615621412,1.21405276900101,NA,4.08142417376993,1.54062319031993,15.1209298072722,NA
"SVK","Europe","Europe & Central Asia",1996,NA,1.62264993280641,10.4234881443182,3.60849600255108,1.7855454069198,NA,NA,NA,NA,NA,6.51245700749379,1.4477598341799,NA,4.27212263398857,1.53820012299843,15.1437396077717,NA
"SVK","Europe","Europe & Central Asia",1997,NA,1.49999180851587,8.9379126460132,3.75149494585429,1.31147708841888,NA,NA,NA,NA,NA,6.21960959386622,0.628389226560068,NA,4.34919068136765,1.30485836923934,14.5931289831092,NA
"SVK","Europe","Europe & Central Asia",1998,NA,1.46303630363036,7.53089933993399,3.32522127212721,1.09988748874888,NA,NA,NA,NA,NA,5.94295679567957,0.5502100210021,NA,4.1329095409541,1.20035628562856,14.4655115511551,NA
"SVK","Europe","Europe & Central Asia",1999,NA,1.33781123456963,8.03145273157813,3.22009555969679,1.24373327355014,NA,NA,NA,NA,NA,5.47620115176057,0.791019210021158,NA,3.58500189157758,1.07863007748462,15.0128136866146,NA
"SVK","Europe","Europe & Central Asia",2000,NA,1.36638482082959,9.50058542080681,3.75434160728074,1.41809488247282,NA,NA,NA,NA,NA,5.57824069972026,1.00883194309077,NA,3.68832196245712,1.13314684252497,14.2510664151994,NA
"SVK","Europe","Europe & Central Asia",2001,0.602732100283877,1.32937634433674,6.35422580776786,3.61149615570698,0.911193625293641,2.80987508233607,0.00305736419648738,0.0337417591065152,0.019384679953134,0.413638933740593,5.71785978677144,0.487825919686627,4.09384271915968,3.67004657452799,0.991463279569579,14.3293938316439,0
"SVK","Europe","Europe & Central Asia",2002,0.703244116116503,1.45099222635315,6.3345296916829,3.46064356568437,0.986604005386295,3.053581296037,0.00758856002446365,0.0378408682450013,0.0167302399690985,0.446265806147029,5.79794151256176,0.720475968218714,3.64717085392089,3.1229378912977,1.09003535426692,14.6310548876335,0
"SVK","Europe","Europe & Central Asia",2003,0.416773137089626,0.897488908156882,4.81340102356519,4.37646089898875,1.09624845728584,2.7552766258577,0.0137956685658253,0.0432249790480699,0.010146289153542,0.232927497868579,5.53926524539722,0.595766623273428,2.58716606729253,2.36046980627616,1.03885345241919,13.6754274314504,0
"SVK","Europe","Europe & Central Asia",2004,0.369768879537542,0.842104920664187,4.58424129366723,3.7733674609286,1.03502489073024,2.15925946010434,0.0125679207834886,0.0388078479008275,0.0108629871045411,0.171165797208334,5.06747936618114,0.522373458564255,2.2943722004707,2.23679706734054,0.960953548149193,13.9035302538963,0
"SVK","Europe","Europe & Central Asia",2005,0.431908297315685,0.789789170308102,4.72716309201013,3.89017774436627,1.07855582950346,2.23234110415332,0.00946938516436544,0.0382960660595734,0.00929880135118248,0.183974642517817,6.38411507663379,0.674990231101396,1.91306572832346,2.15012168973185,0.963865984595885,14.3045059912606,0
"SVK","Europe","Europe & Central Asia",2006,0.425873601455765,0.871547177321903,4.72843007634239,3.90417217554485,1.02564827056766,2.4213065637395,0.0156949716381627,0.0442558394108699,0.00862939110902603,0.218498102102614,6.64529399638902,0.713314425441776,1.63597332992138,2.31790314325927,0.883576079384712,13.0217813934974,0
"SVK","Europe","Europe & Central Asia",2007,0.320086465706324,0.822635871849322,4.2491439863355,3.65667944409466,0.738950326625316,1.9560740889937,0.0152789914660314,0.0387858641574906,0.0101659056775235,0.220373363106802,6.19835093467652,0.660772767425964,1.5158745137097,2.23217120590479,0.824461294226051,12.9839930599059,0
"SVK","Europe","Europe & Central Asia",2008,0.3601186130854,0.781051983016896,4.56628258063763,3.69057519462241,0.783891747309159,2.04865706159587,0.014239702386862,0.0362876615526576,0.0128351505878093,0.250332887536574,6.83483960076856,0.620087718785953,1.43564758306128,2.2844275794404,0.875237255371462,12.4532643419047,0
"SVK","Europe","Europe & Central Asia",2009,0.466784644917225,0.923407332665866,5.31031612027534,4.48157930496961,0.896891903078732,3.26889825703535,0.0192571118861786,0.0438013779401497,0.0128594210527138,0.352986656378713,7.41204658943413,0.799759774206497,1.58631025364283,2.71608841183885,1.07718620310482,15.0896223394369,0
"SVK","Europe","Europe & Central Asia",2010,0.527560290215797,0.905555563776594,4.67366556521199,4.48952236919794,0.866496589831201,2.39830830767136,0.0210440488152087,0.0459385030180253,0.0101616963092636,0.335589021757306,7.44065980736135,0.778894688009139,1.39944478397332,2.36529722258806,1.03174142796472,15.2346823563534,0
"SVK","Europe","Europe & Central Asia",2011,0.568155045081782,0.915281931040732,5.02081209505686,4.24352090979113,0.783934518145983,2.30475510851343,0.0184022586199085,0.0427852158941598,0.00710491142222826,0.339819502967695,7.05961301028499,0.774371630193467,1.66580297675683,2.31693030447193,0.993322685877396,14.7323892211499,0
"SVK","Europe","Europe & Central Asia",2012,0.628387904296217,0.891946054866685,4.84346008101398,3.97249513434704,0.862926819204027,2.08201530875405,0.0180912885899578,0.0434174420763787,0.00864332528695317,0.249873802499192,7.01850667436918,0.593774715110002,1.88766428026161,2.30839230573494,0.99921874462715,14.9963976974974,0
"SVK","Europe","Europe & Central Asia",2013,0.677961919811028,0.890192504226788,4.67720150249832,4.04734406726188,0.859274259873965,2.58453710270218,0.0161534748644327,0.0406715401686401,0.00976003710405044,0.296771731890877,7.00250371444982,0.529495832535614,1.99466764100753,2.56285577148651,0.952341788706455,15.2489530779374,0
"SVK","Europe","Europe & Central Asia",2014,0.631948396389955,0.990366379848517,6.13223162219386,4.04964140064688,0.803238894065664,2.58002410376447,0.0169646342312884,0.0424391853085321,0.0249961557518495,0.225054772321939,7.14592765979258,0.507606354246481,2.03007582040198,2.33514483944185,0.84712115098761,15.0199795761996,0
"SVK","Europe","Europe & Central Asia",2015,1.01514312936104,0.879702848940208,7.83654796293067,4.21017157327308,0.935536820397735,2.65781127192683,0.0370402662683761,0.0438713541627179,0.0319858172159589,0.404056448087017,7.20069195407528,0.686702502710448,1.84009239532868,2.52357015954368,0.994901324518374,14.8143766221622,0
"SVK","Europe","Europe & Central Asia",2016,0.430636211759521,0.86738006625949,6.01699699973284,3.85297090467227,0.735240273754372,2.32729258206414,0.074705051701362,0.0288946533195611,0.0209255399434418,0.377387317623276,7.4581815450945,0.491306365810989,1.76437992221712,2.44653011778234,0.808019835988679,14.8879387290538,0
"SVK","Europe","Europe & Central Asia",2017,0.381143135951576,0.968972596604864,5.41274920212891,3.88289798092652,0.787598938371824,2.67474437483206,0.0999283448123058,0.0496047179284108,0.00819320501397748,0.406315556246965,7.18902944933931,0.459755240964139,1.50847251882127,2.15102745053671,0.851491087886031,14.514770632687,0
"SVK","Europe","Europe & Central Asia",2018,0.407485216481268,1.02796950836901,5.49790358950708,3.94351664822653,0.795483016968619,2.61814065794696,0.0858641401834553,0.0231336846936536,0.00517838890133013,0.397308035981544,7.27359099264095,0.532584715604345,1.44389025496165,2.22008429986985,1.05268409277864,14.271728502092,0
"ZAF","Africa","Sub-Saharan Africa",1996,NA,1.99697137301433,3.53633958440683,7.35222049412947,0.687980510895651,NA,NA,NA,NA,NA,3.32755026307454,0.921036666556363,5.79646429072298,3.05226351260851,0.580670678573173,3.26940440679408,NA
"ZAF","Africa","Sub-Saharan Africa",1997,NA,1.71578841074814,3.42816344932636,7.22767334597229,0.752790787308513,NA,NA,NA,NA,NA,3.47168394449288,1.13323956041455,5.82803431007926,3.04913691462445,0.407897974305841,3.71104666790876,NA
"ZAF","Africa","Sub-Saharan Africa",1998,NA,1.5715714927172,2.92099603759167,6.67215469410155,0.721452410399418,NA,NA,NA,NA,NA,3.26340693592137,0.963424529119368,5.92823813312537,3.23662326135877,0.48578233275302,3.59085048670138,0
"ZAF","Africa","Sub-Saharan Africa",1999,NA,1.43239976376245,3.09073462449371,6.4032114889075,0.608563251644498,NA,NA,NA,NA,NA,3.07420278813014,0.713624269694149,5.55820703848923,3.06857238009327,0.511648355860955,3.58896583779873,0
"ZAF","Africa","Sub-Saharan Africa",2000,NA,1.57261149458325,3.10908314699828,6.22313288049336,0.60750863340674,NA,NA,NA,NA,NA,3.15040091976955,0.835337579940908,5.11600677991893,2.98491848457822,0.476686631639903,3.55628727581674,0
"ZAF","Africa","Sub-Saharan Africa",2001,NA,1.77956380765937,5.72214723785636,5.88802306374648,0.617199926587544,NA,NA,NA,NA,NA,3.5224500642359,0.836529196745381,4.66083063134712,3.04407423834577,0.415917885109507,3.71971736204576,NA
"ZAF","Africa","Sub-Saharan Africa",2002,NA,1.6983976373263,5.91185978402402,5.50668917614488,0.826032129404854,NA,NA,NA,NA,NA,3.50038816527215,0.981133935502951,3.93611908664095,3.12520281122024,0.522318476256197,4.22693497307488,NA
"ZAF","Africa","Sub-Saharan Africa",2003,NA,1.17366111365052,4.58341064712777,6.15289575988523,0.759560887818816,NA,NA,NA,NA,NA,3.40073587646689,0.824610074477698,3.61055420036417,3.07570868463967,0.434903293643071,4.71691837021013,NA
"ZAF","Africa","Sub-Saharan Africa",2004,NA,1.55720180438744,6.00464709001553,6.03789863763466,0.928943948455361,NA,NA,NA,NA,NA,3.5444388987575,1.50112791145743,3.44177220590496,3.1716964993773,0.612207719912259,4.79953244667055,NA
"ZAF","Africa","Sub-Saharan Africa",2005,NA,1.68985404336363,5.05394527022658,6.32153406366555,0.202531151365194,NA,NA,NA,NA,NA,3.69137424706604,1.77745486666496,3.24592772078031,3.24611073085684,0.606922417148288,4.85983258238199,NA
"ZAF","Africa","Sub-Saharan Africa",2006,NA,NA,6.03539197564423,6.50315320213113,0.219582472545395,NA,NA,NA,NA,NA,3.79683592475807,2.00570838316842,2.95601826682614,3.41692943351093,0.840708926823964,4.73953463085789,NA
"ZAF","Africa","Sub-Saharan Africa",2007,NA,NA,NA,NA,NA,NA,NA,NA,NA,NA,NA,NA,2.65536605322014,NA,NA,NA,NA
"ZAF","Africa","Sub-Saharan Africa",2008,NA,1.70767936521739,7.87872673711083,6.72641462046387,0.275425347489704,NA,NA,NA,NA,NA,4.1197300367276,2.38216543840328,2.47794170100162,3.70268751822978,1.20043240724286,4.57775922379439,NA
"ZAF","Africa","Sub-Saharan Africa",2009,NA,NA,NA,NA,NA,NA,NA,NA,NA,NA,NA,NA,2.49489866517897,NA,NA,NA,NA
"ZAF","Africa","Sub-Saharan Africa",2010,NA,NA,NA,NA,NA,NA,NA,NA,NA,NA,NA,NA,2.64386771745471,NA,NA,NA,NA
"ZAF","Africa","Sub-Saharan Africa",2011,NA,NA,NA,NA,NA,NA,NA,NA,NA,NA,NA,NA,2.78683844130572,NA,NA,NA,NA
"ZAF","Africa","Sub-Saharan Africa",2012,0.260226033636441,1.31971758395895,7.47112339467192,7.90969478636398,0.339380432791657,2.39935651652257,0.0297932727118504,0.351376645280732,0.014300711894702,1.74864698824655,4.86772671283144,3.00613248543572,2.95372952403797,4.00162619565979,1.28260157499481,4.99090115346365,13.7463661707509
"ZAF","Africa","Sub-Saharan Africa",2013,0.306382047114995,1.34736378230706,5.21119809535486,8.01538932597585,0.367711598126203,4.88549963251174,0.0425173383894867,0.979814247380703,0.0116158381819995,1.28186592737749,4.90798174677406,3.06155590841409,3.11127215841374,4.05165268022928,1.49064485447222,5.13260840395291,14.3057534765621
"ZAF","Africa","Sub-Saharan Africa",2014,0.28780540234286,1.28148561406588,5.95246070728335,8.11347492700407,0.391357928011333,5.11499828268051,0.0290906300578475,0.372423133857105,0.0158774661667038,1.49308875480278,4.93700246679083,2.98309192791515,3.27136693826374,3.83797680580677,1.25433048429986,5.17022133843703,13.9718202840528
"ZAF","Africa","Sub-Saharan Africa",2015,0.303369134367585,1.31076070592657,7.07762224242034,8.2724343743522,0.349643730448509,4.76722848536612,0.0933562772060329,0.117075727866706,0.0246109085126657,1.30967818082646,5.14322364374477,2.97404204022684,3.46975479395948,3.82729508482097,1.03842888794565,5.17402082973755,14.7427800773751
"ZAF","Africa","Sub-Saharan Africa",2016,0.181117029818355,0.979293700935523,6.67395715812583,5.54365963533422,0.292218964639165,4.10586227305887,0.0378980789436255,1.69691098539593,0.0218850853165591,0.991356468619384,4.24635127756902,2.7419228916326,3.69696019373443,3.58646939936592,0.885626717686841,6.06961129234285,0
"ZAF","Africa","Sub-Saharan Africa",2017,0.175542346125927,0.906592733591228,6.95452002738538,5.59090231215637,0.306667256893513,4.430010628381,0.0673675180688924,1.76865205677008,0.0176208500212095,1.09520029534264,4.3215358805633,2.60181099360535,3.93526383127134,3.56643855545131,0.864796936894579,5.40758321381956,1.25494814241123e-08
"ZAF","Africa","Sub-Saharan Africa",2018,0.179232159946827,0.916886042897953,6.79559952689477,5.66662269057502,0.308077361107583,3.91165536820221,0.0689088769760803,2.58770729667008,0.0175085682083554,1.0867146793616,4.36342671017592,2.47831119609582,3.9802986716194,3.54804387874267,0.826634836116471,5.54505011479739,-2.80207502237597e-08
"MMR","Asia","East Asia & Pacific",2012,0,3.86895694399807,9.48509821610784,1.58642879133793,0.00971889844433774,1.42001741227493,0,0.281719890843955,0,0.0543034650996567,0.780188633104829,0.48732646306519,1.2540638287,0.360649811227391,0.797298222135072,0.447919549051243,0.20741443689862
"MMR","Asia","East Asia & Pacific",2013,0,4.06798027321076,12.7187839115019,1.8437927251721,0.0448212163234165,1.15012100742409,0,0.0676554892286716,0,0.139451866699135,0.888252461017821,0.838395754111406,1.18357030747337,0.525566443181113,0.47553437389955,0.538594746965153,0.132176940876294
"MMR","Asia","East Asia & Pacific",2014,0,4.00948777425274,14.2662711856106,2.0119833904498,0.0106726651145643,1.29374006624089,0,0.224357447286157,0,0.0618973156935004,1.07337856800978,0.973306832820261,1.19457869506234,0.530077377704257,0.234842167831452,0.620122012811609,0.188230460987895
"MMR","Asia","East Asia & Pacific",2015,0,4.55318286034874,12.2859093392535,2.24560795042437,0.0117008862755647,1.37155270044418,0,0.266823791798953,0,0.0430340097200547,1.08988735627668,0.933854801829719,1.04291275085392,0.518948166206504,0.207426202929474,0.860666354301949,0.279133091616031
"MMR","Asia","East Asia & Pacific",2016,0,3.97690123278383,10.0416375741055,2.15664531440533,0.0558769120775372,1.13738547327303,0,0.152835347969671,0,0.0537039797382159,0.947998881778129,0.688146141111256,1.40470722862779,0.628900803313334,0.177557052543586,0.848135879482696,0
"MMR","Asia","East Asia & Pacific",2017,0,3.86111953395281,11.2113380229543,2.16177111655957,0.00661121173365546,1.44332847642569,0,0.133198496764161,0,0.0760835448754667,1.32162348053671,0.828200146723079,1.60574589256871,0.576817859915528,0.177760663260745,0.935240052894394,0.84371504636379
"MMR","Asia","East Asia & Pacific",2019,0,3.38157607889047,9.91546007539318,2.28264637154111,0.0760122515540046,1.23447453236005,0,0.183963967780677,0,0.0978777638316428,1.08614399062428,1.01348452112441,1.58146254347521,0.556563589156857,0.218177373127061,0.938159695302022,0
"FRA","Europe","Europe & Central Asia",1995,0.643205586925098,2.49870103006469,5.87938828160847,5.75347233337684,0.589440954531538,2.01646100668734,0.114424271078814,0.0583613032546892,0.000164166816468887,1.96819596264548,7.10448314950754,0.865487456423971,3.48887318359678,1.48677677335047,0.988530485367401,21.3337240503565,0
"FRA","Europe","Europe & Central Asia",1996,0.63772393405235,2.56622794198677,5.66924279665822,5.73025219881399,0.600351682470018,1.95206130326943,0.116748358575574,0.0586936002414822,0.000159710476847571,2.00404706348332,7.23392633833387,0.848222342537448,3.59899574052158,1.46933638699765,0.962894464914004,21.4106268157085,0
"FRA","Europe","Europe & Central Asia",1997,0.618745537706813,2.42764219969879,5.17096142644864,5.68806530437964,0.642183454687081,1.96344767891137,0.11718958490134,0.0580919988520835,0.000154705722642033,2.36684285070047,7.07964327954473,0.934886681925808,3.56983454996492,1.42855264287654,0.991663682135434,21.455517850333,0
"FRA","Europe","Europe & Central Asia",1998,0.602191292821341,2.15312420482049,4.94609052767373,5.60856752294555,0.624382348938084,1.89126974264293,0.122568599951476,0.0508914886943966,0.000147940374111618,2.08433193085859,6.97775568534858,0.894299561504731,3.41919792646772,1.41038955659311,1.02359944847829,21.0923029582157,0
"FRA","Europe","Europe & Central Asia",1999,0.592791286788927,2.05724629353768,4.82705555107463,5.67338020940772,0.637545066056435,1.81763156147863,0.123055048576052,0.0513918996373302,0.000214132915155543,2.26388455666278,6.90421620572177,0.946324729710728,3.12505576377999,1.40856631589316,1.0519636345208,21.1524776248948,0
"FRA","Europe","Europe & Central Asia",2000,0.557898260837219,1.94192420456044,4.77449723891423,5.60021912842346,0.696070905629369,1.78163582073401,0.121332219655955,0.0619511221877674,0.000202896688387884,2.27163132319075,6.9822161052628,1.03524653638445,3.01903509098226,1.35683778747925,1.08515912172787,20.3815134063987,0
"FRA","Europe","Europe & Central Asia",2001,0.559095046157847,2.01124691197504,4.41392536731244,5.61780002600442,0.746001820309453,1.90183331166298,0.130737225328306,0.0622155766480302,0.000195033155636458,2.07287738915616,7.02047848134183,1.0230139123651,3.01865817188922,1.44643089325185,1.1881419841373,20.4348589260174,0
"FRA","Europe","Europe & Central Asia",2002,0.564859314195672,2.03718410483749,4.61290227096243,5.78097515538512,0.758079113053106,1.89100967421555,0.14623740969588,0.064301634495906,0.000188937221829303,1.96501008609869,7.28611204355129,1.12732542358151,3.04314885293064,1.5272425431202,1.2775305149358,20.694923697703,0
"FRA","Europe","Europe & Central Asia",2003,0.598099181561399,1.85537688281966,4.51839923074376,5.76206286265857,0.8081360621979,1.94583072192589,0.153986162708979,0.0646361670630282,0.00018397391004657,1.79300972731387,7.53808566561147,1.13101027432963,2.89654656440988,1.55936286155473,1.34589180126402,21.2823472127339,0
"FRA","Europe","Europe & Central Asia",2004,0.579923111185967,1.84757329583766,4.53715598241569,5.54923389938727,0.837431976990867,1.85643469937835,0.15375415414969,0.0602692810350119,0.000176054374980561,1.90901627270588,7.57990374520472,1.12956486987528,2.80548515010689,1.52832802920625,1.3319100315196,21.2421927220295,0
"FRA","Europe","Europe & Central Asia",2005,0.578853335824974,1.80270173084056,4.74074199914491,5.51722771043742,0.867883606422769,1.92620780846082,0.164221744657838,0.0635934549140526,0.000226512751252191,1.90446258434061,7.67521469161705,1.06681843021001,2.7542251706632,1.5073291032077,1.37640473298394,21.3341034766876,0
"FRA","Europe","Europe & Central Asia",2006,0.475448164138103,1.79211547108434,4.60795681738126,5.47531018839911,0.895706032678066,1.68335812387624,0.135865521810718,0.0601141356956223,0.000216432531757416,1.87311534609456,7.58493218357158,1.1341605745418,2.66028046409628,1.47639451538321,1.42152886858271,21.5919586657151,0
"FRA","Europe","Europe & Central Asia",2007,0.466580129393827,1.73352701199159,4.31996126426835,5.30452878394528,0.869235999505501,1.86415708575432,0.129805909259488,0.0650574854741006,0.000257551407260889,1.89892652573454,7.46291259735443,1.15274858861829,2.73622615073969,1.45944080438456,1.42044752132526,21.6663060946965,0
"FRA","Europe","Europe & Central Asia",2008,0.454431383571407,1.72276372981058,4.59345104849476,5.38727551973017,0.893152912596994,1.72813419126873,0.130497194310322,0.0729278551280378,0.00015057368574268,1.873487989239,7.44908099860468,1.21593270360072,2.91565865949267,1.5385619209187,1.4418936146719,21.8473383591484,0
"FRA","Europe","Europe & Central Asia",2009,0.41979485876529,1.88729522800299,4.96157345867791,5.66921879631609,0.99188090199347,1.97167766117096,0.144390014160137,0.0843307915320111,0.000154924907897142,2.06633677989612,7.95560058706212,1.46672574469821,2.60542381774221,1.66213769519247,1.54403327373889,23.7050085157058,0
"FRA","Europe","Europe & Central Asia",2010,0.381348265840187,1.86564452568024,5.15143420326579,5.64279159560344,0.993991346616956,1.76280228077236,0.198918552650769,0.0819931348290899,0,1.84840391542278,7.9786436952241,1.40310501386015,2.64914004938633,1.6828639861193,1.55801991591193,23.6743148486259,0
"FRA","Europe","Europe & Central Asia",2011,0.347216655517062,1.78427677447532,4.89125127710338,5.48011556722823,0.991367437033885,1.73059349416941,0.159689540602292,0.0882737740414862,0,1.78490834247892,7.93234837874064,1.39887454581759,2.8075141046139,1.63712142963677,1.54316354356289,23.6999294101301,0
"FRA","Europe","Europe & Central Asia",2012,0.329710207372257,1.79648258046231,5.16506096311574,5.48835601617002,1.00579087362912,1.6877122027725,0.222328183975136,0.0909611433145475,0,1.89979528955326,8.00443698882231,1.32353250951262,2.727158699428,1.62528413388714,1.56558489930123,24.1652639500882,0
"FRA","Europe","Europe & Central Asia",2013,0.327793125696383,1.77230280338694,5.05476837448145,5.49289647735748,1.02262953378277,1.89803555563533,0.187087690329016,0.133006547832999,0,1.87073520597358,8.05983783214442,1.27201681096964,2.44994660372787,1.6316918328973,1.59759001203955,24.4561066584041,0
"FRA","Europe","Europe & Central Asia",2014,0.312080622765744,1.68348633455285,5.37202903573181,5.48920463399488,1.02313508685833,1.75391263696264,0.204580500659374,0.134665882084786,0,1.84168967305729,8.18903461541145,1.2010615113745,2.3305803192442,1.63269008473019,1.5412382283645,24.5044458347773,0
"FRA","Europe","Europe & Central Asia",2015,0.309356850700863,1.75120267536135,5.71298088819668,5.44642727180099,1.00448865373139,1.74192333444928,0.165436092633295,0.0985247667428422,0,1.81483893975342,8.07875795112153,1.12129918050683,2.14334580282674,1.62247456368903,1.43520472773322,24.3440324740542,0
"FRA","Europe","Europe & Central Asia",2016,0.301638804205129,1.84232871065189,5.58262302669183,5.40805835294202,0.945021527405087,1.74725810371738,0.119196340050194,0.118301136595067,4.47601727563628e-05,1.82590172725031,8.12517987994426,1.08503134778699,2.00342057240204,1.62922552815885,1.40815503491517,24.4415608946484,0
"FRA","Europe","Europe & Central Asia",2017,0.302257497942322,1.7862254761634,5.88454434584149,5.3968017435687,0.936706312637169,1.7426101157136,0.132763240050491,0.107012312951758,4.35717886611391e-05,1.80783708333932,8.13759796572033,1.02341417207284,1.88787845910984,1.63455207983397,1.41425311636325,24.1777676691228,0
"FRA","Europe","Europe & Central Asia",2018,0.294123896663536,1.75875125898287,5.75294612615752,5.12300846971429,1.02210285199461,1.84765563578104,0.147125694299836,0.0800649358928048,4.24973120450132e-05,1.95674623580059,8.12544356569447,1.1321708901912,1.84978050138329,1.662579841825,1.38664479471673,23.8919463343943,8.49946240900263e-05
"FIN","Europe","Europe & Central Asia",1995,NA,1.84565120337676,8.89950890864077,6.92398230447664,0.305410122164049,NA,NA,NA,NA,NA,6.20256503916555,0.74272494825277,NA,1.39311660375827,1.23280165591136,25.0943625958846,NA
"FIN","Europe","Europe & Central Asia",1996,NA,1.89692337840486,6.75582990397805,6.83715461493239,0.328238291201254,NA,NA,NA,NA,NA,6.37566137566138,0.775034293552812,NA,1.4275916127768,1.31981187536743,24.8589065255732,NA
"FIN","Europe","Europe & Central Asia",1997,NA,1.80516173309975,5.59518864346475,6.43320269464863,0.332315916848778,NA,NA,NA,NA,NA,6.2200870523217,0.610449890733082,NA,1.32384547309867,1.34371218551897,23.3117809604652,NA
"FIN","Europe","Europe & Central Asia",1998,NA,1.64808692329418,5.38452592580286,6.13713013573458,0.333106278347261,NA,NA,NA,NA,NA,5.83143659351066,0.490937183299829,NA,1.30584306623914,1.24188001528468,21.6527387815454,NA
"FIN","Europe","Europe & Central Asia",1999,NA,1.51115243100147,5.53879123563105,5.9595187633447,0.30963655129488,NA,NA,NA,NA,NA,5.77515501524546,0.400242666813737,NA,1.30866745979846,1.17315222615286,21.1261946219361,NA
"FIN","Europe","Europe & Central Asia",2000,NA,1.39144729599812,4.79814473693867,5.86154512296255,0.313369195881433,NA,NA,NA,NA,NA,5.72651015330872,0.42858925150997,NA,1.29017106875775,1.12651455662295,19.5573201429609,NA
"FIN","Europe","Europe & Central Asia",2001,0.886891862888318,1.2932974237903,4.59923703760117,5.90222726863615,0.300477024585113,1.50100043617633,0.257551735358668,0.0173085843655019,0.0131545241177815,2.05764450937087,5.85307088903813,0.418175398270526,2.61705795606389,1.282912273171,1.06482411016568,19.2125286457071,0
"FIN","Europe","Europe & Central Asia",2002,0.900269069182475,1.301512586908,4.92147091153086,6.11508608190763,0.298066613167531,1.50112280749078,0.26097687623492,0.0141615359197243,0.0155102536263647,2.15187910094478,6.20342709169257,0.388430699512439,2.10197654579908,1.24891259634902,1.08774083040549,19.9643938525447,0
"FIN","Europe","Europe & Central Asia",2003,0.944124458167567,1.40002243202766,4.74239455297587,6.29812164756645,0.302832373374503,1.65931028112609,0.255989021501758,0.0158343724640263,0.0131953103866886,2.29598400728381,6.42677592383667,0.333181587263886,1.90738211639583,1.29907830756949,1.10642677592384,20.3656420508151,0
"FIN","Europe","Europe & Central Asia",2004,0.942723549789559,1.48286502142267,4.71424875533989,6.22992610915149,0.285214889226828,1.55416874372937,0.261236646327227,0.010096102273516,0.0145131470181793,2.45209083968021,6.48863872991033,0.30540709377386,1.76618689147321,1.25317869470018,1.10741621812629,20.3221918638036,0
"FIN","Europe","Europe & Central Asia",2005,0.882064883476187,1.52627640871845,4.70110166862343,6.11362212340392,0.314501755004958,1.61813282072183,0.291993892461083,0.00973312974870276,0.0139913740137602,2.54764671172295,6.67084380151715,0.271919312354383,1.64064068326571,1.28051488256371,1.06760266931083,20.1080377402106,0
"FIN","Europe","Europe & Central Asia",2006,0.840603890762047,1.42398646691462,4.65952935451354,5.97923691009999,0.314574715839967,1.60068128888734,0.312257406699341,0.0098485638476601,0.0127452002734425,2.4957419444541,6.68311956156511,0.280973733300891,1.51030623240293,1.22875317181689,1.04800305884807,19.6513608397928,0
"FIN","Europe","Europe & Central Asia",2007,0.80660721176521,1.35488573511126,4.43553573725507,5.78291814946619,0.319963126527462,1.49048149894953,0.298525061098486,0.0192942588860781,0.0160785490717318,2.50021438065429,6.48233503408652,0.324786691248982,1.42938301247695,1.18338121167946,1.04992925438408,19.0868456030528,0
"FIN","Europe","Europe & Central Asia",2008,0.854881756843958,1.44028991642189,4.64971013520141,5.8380783744857,0.306642369302724,1.53785794301821,0.332454016550428,0.0160032212935765,0.0149707554036684,2.68183014903645,6.71928801152232,0.399564299394459,1.42067306451363,1.24670256206411,1.08408918440357,19.3463458450991,0
"FIN","Europe","Europe & Central Asia",2009,1.01862132586492,1.59256251760768,4.97323633230035,6.50669229791912,0.341934165244243,1.69309889575703,0.3933071496832,0.0132575443713438,0.0226483049677124,3.12657088090858,7.43692999464174,0.491081539421861,1.40916648713742,1.39977572654105,1.18986460732811,22.615161106784,0
"FIN","Europe","Europe & Central Asia",2010,0.961517904863709,1.50561197220738,4.88081239978621,6.57562800641368,0.277926242650989,1.59273115980759,0.42169962586852,0.0176376269374666,0.0208444681988242,3.23784072688402,7.3703901656868,0.489577765900588,1.41475146980224,1.45911277391769,1.22768572955639,22.7215392838055,0
"FIN","Europe","Europe & Central Asia",2011,0.944282746394811,1.37908964844643,4.79963833818428,6.4611492921689,0.243816954421468,1.6574473380776,0.42109219836541,0.00761927982567088,0.0187942235699882,3.48709040021537,7.40593999055209,0.511507652296705,1.453758590738,1.34556481721348,1.1992746445606,22.5997998669166,0
"FIN","Europe","Europe & Central Asia",2012,0.976510688562662,1.49754996421296,4.89456587568133,6.4411666074387,0.248256945939047,1.60616237806129,0.418933596272142,0.00950984268718123,0.0190196853743625,3.62725420810539,7.76003163273989,0.434449655393332,1.49354581992362,1.36841631088176,1.20124328680184,23.7320626848788,0
"FIN","Europe","Europe & Central Asia",2013,0.980141439376801,1.46947447107771,4.84365932585154,6.39526305953634,0.256715419646106,1.70209208313252,0.435727704610058,0.00442612792493287,0.0226224316163236,3.79024087971751,7.86719649057235,0.397859721252299,1.34406751320461,1.35439514502946,1.48226106286085,24.7184490847751,0
"FIN","Europe","Europe & Central Asia",2014,0.976279237275762,1.39336363724851,4.93055082394853,6.38426272910441,0.253560061126955,1.63378334971821,0.496899851076049,0.0073001936984728,0.0184938240361311,3.81362118808219,7.8642553315748,0.395670498457226,1.33934220387981,1.29359432336938,1.45079182767649,25.396887197407,0
"FIN","Europe","Europe & Central Asia",2015,0.874485596707819,1.3145861911294,4.76489864349947,6.23713991769547,0.237673372961439,1.52368160341411,0.449150281969212,0.00523929279073312,0.023338667885993,4.27002362444749,7.33786770309404,0.409141137021796,1.24409388812681,1.24790428288371,1.46509678402683,25.4405768937662,0
"FIN","Europe","Europe & Central Asia",2016,0.869613510248851,1.33612251415031,4.51976878184688,6.08960860449941,0.228163629884345,1.55225317369593,0.281849189857132,0.00694209827234314,0.0208262948170294,4.07130923345351,7.22626149495772,0.31378284190991,1.14035534287023,1.19450370939451,1.4559894109861,25.6515159228594,0
"FIN","Europe","Europe & Central Asia",2017,0.865495404567744,1.25671004564171,4.34042819246331,5.71012602827821,0.20230620137729,1.40140587179235,0.254110879875669,0.00893184112041015,0.0254557471931689,4.19841191864879,7.08652274493341,0.326905385007012,1.04547200314401,1.13880974285229,1.4786662974839,24.8064023437151,0
"FIN","Europe","Europe & Central Asia",2018,0.841893009789053,1.19864194126568,4.27797118433752,5.54856611057493,0.199055563215221,1.51187439680132,0.243002895353647,0.00732455535640425,0.0202502412794706,4.44600510133738,7.07035019991728,0.295998207638219,0.934527092237695,1.11591755135806,1.47999103819109,24.3778436509031,0
"SGP","Asia","East Asia & Pacific",1990,NA,4.83598917895997,3.38902263084053,4.0117856843939,NA,NA,NA,NA,NA,NA,0.924923715072426,1.23417734986658,2.86697979779352,0.717808895439644,0.246835469973316,0.425578396505718,NA
"SGP","Asia","East Asia & Pacific",1991,NA,4.48545251760823,2.18224967788263,4.6535137530111,NA,NA,NA,NA,NA,NA,1.26555203023065,1.02873847125389,3.34721960510702,0.723172588703229,0.0738450882830762,0.43797776498928,NA
"SGP","Asia","East Asia & Pacific",1992,NA,4.58194870007372,2.15496430766767,4.15919887141104,NA,NA,NA,NA,NA,NA,1.13518338392985,1.24940826799748,2.33160072632895,0.734807501630943,0.0682994152156966,0.429815285409125,NA
"SGP","Asia","East Asia & Pacific",1993,NA,4.13487726593623,1.91987386020255,4.13283484693601,NA,NA,NA,NA,NA,NA,0.999764100605475,1.16724245862314,1.25710889463263,0.657658918069383,0.0694422460073262,0.639277147067444,NA
"SGP","Asia","East Asia & Pacific",1994,NA,3.86209813123138,1.1940786492696,3.0287307405953,NA,NA,NA,NA,NA,NA,0.97729651353911,0.883120667688978,1.00928076307312,0.657454018199038,0.0515301798047895,0.382922543032142,NA
"SGP","Asia","East Asia & Pacific",1995,NA,4.41254570624433,1.58842004028497,2.91893272956767,NA,NA,NA,NA,NA,NA,1.1778572478795,1.25739876734748,0.983422422513303,0.655614948342202,0.0474035318041543,0.767294455474023,NA
"SGP","Asia","East Asia & Pacific",1996,NA,4.32915099147721,2.92979970127532,3.0063957718969,NA,NA,NA,NA,NA,NA,1.12021753284057,1.52161040292479,0.820461756465739,0.701148646459052,0.0228315210506624,2.13069646450214,NA
"SGP","Asia","East Asia & Pacific",1997,NA,4.61778341015065,2.74376380626431,3.00811761255553,NA,NA,NA,NA,NA,NA,1.07355896906051,1.44419242266474,0.667274747686736,0.809205162769298,0.0114351519260832,0.285878798152079,NA
"SGP","Asia","East Asia & Pacific",1998,NA,5.35145868719895,3.69751085381485,3.48493011669637,NA,NA,NA,NA,NA,NA,1.37166849393169,2.31747852760309,0.690016163105881,0.91165771852777,0.00906081830341056,0.140791176714533,NA
"SGP","Asia","East Asia & Pacific",1999,NA,5.19307362267312,2.31790909557102,3.58968222765423,NA,NA,NA,NA,NA,NA,1.1979282405429,2.41842019794533,0.572981658433189,1.11382711406643,0.0129912309191296,0.282388335242133,NA
"SGP","Asia","East Asia & Pacific",2000,NA,4.64945264332341,3.64904451061507,3.82352728089432,0,NA,NA,NA,NA,NA,0.931581019172577,1.95191279000968,0.320589449890239,1.01852053100722,0.0114711855892929,0.645405126050217,NA
"SGP","Asia","East Asia & Pacific",2001,NA,5.06011725101563,3.17679145927292,4.08799793144943,0,NA,NA,NA,NA,NA,1.15983033907323,2.20591525904121,0.310158273953666,1.13807575071977,0.0155389916810454,2.61179372175011,NA
"SGP","Asia","East Asia & Pacific",2002,NA,5.12075877755991,2.20642240315369,4.19558220643447,0,NA,NA,NA,NA,NA,1.00302900274656,1.93061960275948,0.269767728175519,1.06639726104282,0.657822871837396,0.74955596956151,NA
"SGP","Asia","East Asia & Pacific",2003,NA,5.01593306759606,1.87928489594569,3.86496659081731,0,NA,NA,NA,NA,NA,1.39080014507586,2.54940838089349,0.223374494982597,1.05456274736521,0.0681880037315297,0.380912296707166,NA
"SGP","Asia","East Asia & Pacific",2004,NA,4.61290007354719,1.93588536925316,3.45568910627311,0,NA,NA,NA,NA,NA,0.920625613964708,2.11641028014792,0.149665951767447,0.984400796161146,0.0102863197091029,0.51791619735333,NA
"SGP","Asia","East Asia & Pacific",2005,NA,4.49269707553955,1.67494817203593,3.12566107097023,0,NA,NA,NA,NA,NA,0.841469892771351,1.74123155465088,0.0954292671690414,0.879547580656535,0.0145729422770457,0.294279415013891,NA
"SGP","Asia","East Asia & Pacific",2006,NA,4.20141023751814,1.53583097475089,2.87814809357094,0,NA,NA,NA,NA,NA,0.828256241139437,1.52778554091569,0.059705587934898,0.826139021709121,0.0194784187589029,1.16447068667354,NA
"SGP","Asia","East Asia & Pacific",2007,NA,3.78881222276984,1.32747776291394,2.81777324039522,0,NA,NA,NA,NA,NA,0.817755638480133,1.64944612640522,0.0201688610387477,0.844525217677017,0.0649070618883335,0.551159966204323,NA
"SGP","Asia","East Asia & Pacific",2008,NA,4.03261133029814,2.02962967289378,3.0455396332649,0,NA,NA,NA,NA,NA,1.00459367982081,1.19368507740336,0.0120463631664559,0.857116991358742,0.232166271935332,2.00261661609628,NA
"SGP","Asia","East Asia & Pacific",2009,NA,4.02946941247085,2.75606571657734,3.10133518889355,0,NA,NA,NA,NA,NA,1.30562032900782,1.14308175265453,0.0119336601810588,0.837835014492138,0.352343972704851,2.11335560713824,NA
"SGP","Asia","East Asia & Pacific",2010,NA,3.49587023797473,2.09664135523844,3.00602391399354,0,NA,NA,NA,NA,NA,1.16242548093905,1.29429894969143,0.00165147664949641,0.792555877253692,0.296103646674522,1.10572478263968,NA
"SGP","Asia","East Asia & Pacific",2011,NA,3.30920952084695,2.22977113162585,3.01160123050512,0,NA,NA,NA,NA,NA,1.14000169053576,1.24194611972238,0.00122378851340717,0.737119127842925,0.354044862948494,1.55011314351709,NA
"SGP","Asia","East Asia & Pacific",2012,NA,3.22447158869812,0.932232919932587,2.76800882933966,0,NA,NA,NA,NA,NA,1.28247785546837,0.981477639887138,0.000867748369243201,0.812537879250103,0.331588345597058,1.7171384370496,NA
"SGP","Asia","East Asia & Pacific",2013,NA,3.15877842483559,1.57741452120364,3.01789979637296,0,NA,NA,NA,NA,NA,1.51331500508093,0.759632530751269,0.000675552257474791,0.837243092023469,0.418140864597762,1.44861788503815,NA
"SGP","Asia","East Asia & Pacific",2014,NA,3.1867569675138,1.71887106060716,2.9243668158173,0,NA,NA,NA,NA,NA,1.77338945762091,0.908815411736721,0,0.941050197281399,0.511670822180039,1.59293982998783,NA
"SGP","Asia","East Asia & Pacific",2015,NA,3.21019941002838,3.74753125619179,2.86309338115704,0.227349961895797,NA,NA,NA,NA,NA,2.1104556658128,0.801687873322594,0,0.968770139907487,0.649885073378044,1.8452730832712,NA
"SGP","Asia","East Asia & Pacific",2016,NA,3.30464158627128,2.66953165811053,2.88010695969337,0.234113563228645,NA,NA,NA,NA,NA,2.23389203660304,1.01291891058634,0,0.992486992376396,0.533288733447183,1.44852649425049,NA
"SGP","Asia","East Asia & Pacific",2017,0,3.07627451420966,2.85793126766109,2.79654316073746,0.311295287558139,0.919077562750706,0,0.00393746703173834,0.00032098916019606,0.206224835787295,2.18195591534874,1.17931417456033,0,1.12609417179982,0.54129472047729,0.998468881705865,0
"SGP","Asia","East Asia & Pacific",2018,0,2.95562399706499,3.7328558882071,2.71090336731243,0.325159231719073,1.07645346383678,0,0.00346142968537658,0,0.181703541044985,2.12634435378669,1.06317810451683,0,1.20774153976947,0.509193431639875,0.959514696216925,0
"BLR","Europe","Europe & Central Asia",2003,NA,1.0517768308863,8.93007155435402,6.5254550477261,0.492935950324453,NA,NA,NA,NA,NA,4.86576280444212,3.28860350931583,0.509107244726218,1.97188874948034,1.43961440939181,13.2868556530242,0
"BLR","Europe","Europe & Central Asia",2004,NA,1.05276431646332,9.22805244762463,6.73472433967992,0.632565538327313,NA,NA,NA,NA,NA,4.92295178874878,3.061249065247,0.486613648922056,2.17588614904488,1.56403600141271,13.1021925668793,2.40039289629799e-05
"BLR","Europe","Europe & Central Asia",2005,NA,1.17749523184528,9.53726998744373,6.92631760136843,0.599361274745609,NA,NA,NA,NA,NA,5.02273960265634,2.88719030047443,0.352691298674753,2.29342786139232,1.62496714929665,13.4638765213142,1.53687501087912e-06
"BLR","Europe","Europe & Central Asia",2006,NA,1.30603529842179,10.0751157480414,6.86001362483757,0.581942043977948,NA,NA,NA,NA,NA,4.99177211197598,3.01475279246092,0.370193144688206,2.38312286323439,1.73854441318582,13.4781838596137,-1.51387084160761e-05
"BLR","Europe","Europe & Central Asia",2007,NA,1.24834894761813,12.0312055847098,6.53528059914393,0.553516533165647,NA,NA,NA,NA,NA,5.0485070287438,3.46956269367768,0.398081413838068,2.32335103169547,1.90632767047495,13.4410751574894,0
"BLR","Europe","Europe & Central Asia",2008,NA,1.10386021197188,13.3712743892479,5.90615051297935,0.427672839677389,NA,NA,NA,NA,NA,4.40520283409918,3.89747270222543,0.571735438875483,2.02273658841767,1.97296264450177,12.4959750614065,0
"BLR","Europe","Europe & Central Asia",2009,NA,0.963474639193251,11.1214528968346,5.62692290097986,0.288977206908516,NA,NA,NA,NA,NA,4.33290778534646,3.54689695991239,0.752565428002981,1.94924946143782,1.87042943515894,13.1345606662758,0
"BLR","Europe","Europe & Central Asia",2010,NA,0.957453000015252,7.71157960998629,5.83600818750741,0.294142949260204,NA,NA,NA,NA,NA,4.39196376440318,3.90517709288315,0.65113441024534,1.97732086612095,1.61479843106359,13.6584521070841,0
"BLR","Europe","Europe & Central Asia",2011,NA,0.910804081433384,5.5022213542938,5.17248449934092,0.188774430828817,NA,NA,NA,NA,NA,3.8666536477404,2.71718010057121,1.07288971342089,1.6111572198083,1.39191850152159,11.4097218831877,0
"BLR","Europe","Europe & Central Asia",2012,NA,0.937754454895187,5.54490029248561,5.22374500266337,0.158011981738322,NA,NA,NA,NA,NA,4.01686069836804,2.21324514025961,1.37534154820334,1.97780673964107,1.04828797222583,12.5939913811979,0
"BLR","Europe","Europe & Central Asia",2013,NA,0.943585584067715,4.73225647972196,5.31318190188142,0.109387592004336,NA,NA,NA,NA,NA,4.13540712268065,2.37642363034404,0.986176145856087,2.24554319926464,1.03523170592607,13.9270466095661,-3.95116362066742e-07
"BLR","Europe","Europe & Central Asia",2014,0.213511738192714,0.931907541604682,4.66309398732453,5.32277914145908,0.116147380337399,1.23928310345825,0.000448935563700192,0.275157618082169,0.0757397529165999,0.011812751592314,4.29243922760779,3.6270091307603,1.03523782233321,2.3825715453863,1.39799555096491,13.7829497891951,5.2122587353028e-08
"BLR","Europe","Europe & Central Asia",2015,0.197220100598589,1.05191147267467,4.51325162829518,5.17174245697995,0.0885208236898733,1.19066957762451,0.0023295032210612,2.12341114501299,0.074946031506462,0.0911569049028133,4.30687309169045,1.79921577686573,1.67378364386489,1.8649477910475,1.02917409034676,14.4493543357171,0
"BLR","Europe","Europe & Central Asia",2016,0.207927961326607,1.16046297486019,5.04540005687264,5.49374977092966,0.0917036409019579,0.657655794163182,0.00586087267901716,0.406059716268734,0.0600893848276443,0.113363216042296,4.92117533623314,2.45727173535266,1.9686256220708,1.896944212156,1.25930025592687,14.7150910128595,-3.51734089339006e-08
"BLR","Europe","Europe & Central Asia",2017,0.211240472121511,1.16370568655542,5.48341255720665,5.37206997240615,0.0975466888041593,1.11937442270412,0.000968443538518859,1.08508699714983,0.0882779211561048,0.0767842510510817,4.96213685560605,2.29464142388239,1.97234037157134,2.31415874842314,1.29921806885602,13.8504617422897,0
"BLR","Europe","Europe & Central Asia",2018,0.20141237486738,1.3830869344781,5.57142010294231,5.41437294076642,0.105805398012946,1.33848380590866,0.00517521826782124,0.463114099816729,0.0886623268236389,0,4.74289111316386,2.26513901003509,1.93706546487099,2.54224431382426,1.47597836332564,13.2850842109864,0
"EST","Europe","Europe & Central Asia",1995,0.279879791629495,1.23496958056515,5.13229567900587,7.3188565511113,0.580750567631202,2.77780693192274,0.0769669426981112,0.0419819687444243,0.0174924869768434,0.332357252560025,4.85941288216711,0.398828703072031,0.514279117119197,3.0506897287615,2.03962398149995,10.950296847504,0
"EST","Europe","Europe & Central Asia",1996,0.253028864335718,1.11006211450508,4.75857509379753,6.98142006328442,0.590400683450008,2.64455974337976,0.0979466571622133,0.0408111071509222,0.0136037023836407,0.277515528626271,5.03336988194707,0.315605895300465,0.642094752507843,2.84317379818091,2.23644867187054,11.048927075993,0
"EST","Europe","Europe & Central Asia",1997,0.315302000197064,1.20208887575131,4.61786054455283,6.53375811519471,0.656879167077216,2.55744955715396,0.107290263955945,0.0262751666830886,0.015327180565135,0.251803680712933,4.45583035000712,0.295595625184747,0.431350653047372,2.69977337668736,2.11953011243582,10.3830700342672,0
"EST","Europe","Europe & Central Asia",1998,0.337713132328571,1.22715527735673,5.60171841007799,6.79942196077815,0.630266950450415,2.95891680476254,0.0687206955319767,0.0137441391063953,0.0137441391063953,0.302371060340698,4.61214039441752,0.286663472790532,0.628303502006644,2.75079126972284,2.25992915878015,10.5731698697056,0
"EST","Europe","Europe & Central Asia",1999,0.376960332316403,1.12348961788418,5.04831190141379,7.12713726345277,0.622723686228567,2.55002577743449,0.0461961191564219,0.0129349133637981,0.0166306028963119,0.330764213159981,4.97809380029602,0.373264642783889,0.412069382875283,2.98611714227111,2.24143570146959,11.7559884029262,0
"EST","Europe","Europe & Central Asia",2000,0.359236670620428,1.19098283593079,4.53738569558414,6.39506001032401,0.530764089925677,2.37063838945462,0.0501636792307804,0.0631091448387238,0.0145636488089363,0.34952757141447,4.41440377230868,0.381891235434328,0.312309357791633,2.74929325848697,1.96609258920639,10.6088090657096,0
"EST","Europe","Europe & Central Asia",2001,0.333227977992652,1.28571653311328,4.36771778879639,6.33848239683877,0.725092638808045,2.03226161685647,0.0457652158616517,0.0200222819394726,0.0143016299567662,0.260289665213144,4.2447237711682,0.343239118962388,0.250278524243408,2.52709801336058,2.02368063888241,10.0869396085072,0
"EST","Europe","Europe & Central Asia",2002,0.358998075974725,1.34911732465946,4.59798603356951,6.51690101618174,0.617067867244811,2.1067182465563,0.0587683683090296,0.0281066109304055,0.0166084519134214,0.442040335541832,4.30669933847258,0.360275649198834,0.301507280889804,2.66246259904386,2.24725130120833,9.8347586791937,0
"EST","Europe","Europe & Central Asia",2003,0.348665867212033,1.32493029540573,4.47664110164696,6.26798344237239,0.714479236090232,1.8473575128349,0.0971691761082716,0.0320086697768424,0.0148611681106768,0.468698378875192,4.2045674085438,0.378388203433387,0.261785192103461,2.53668707981476,2.18344854549175,9.81865945404641,0
"EST","Europe","Europe & Central Asia",2004,0.328347094588513,1.35634968044974,3.86447141232212,6.15880952186117,0.697609714982447,1.91075505511321,0.048075742821371,0.0235264273381177,0.01841198661244,0.552359598373199,4.15906319812116,0.279248463622006,0.279248463622006,2.180797525429,2.15011088107493,10.0672651244241,0
"EST","Europe","Europe & Central Asia",2005,0.291095905515562,1.37608973516447,4.07005002439031,5.90219001152916,0.927978462431427,2.06678092916049,0.0529265282755567,0.0149958496780744,0.00970319685051872,0.444582837514676,4.07181424199949,0.176421760918522,0.226701962780301,2.11882534863145,2.31994615607857,9.66614828072584,0
"EST","Europe","Europe & Central Asia",2006,0.303822933174441,1.2919849002952,4.32800192912814,5.86039041246913,0.793479310911889,2.27793456450448,0.0464583611407519,0.00663690873439312,0.017698423291715,0.57667362558838,4.25057132722689,0.0125363831649648,0.199107262031794,1.9999218319638,2.20492856842616,9.27913584498541,0
"EST","Europe","Europe & Central Asia",2007,0.285387779792838,1.25009604396435,4.36314009490973,5.73763594032224,0.854943733481963,2.08308687130841,0.0500038417585741,0.00914704422412941,0.026831329724113,0.70493220820624,4.32045388853046,0.58053240675808,0.182331081534313,2.11906524525665,2.05930455632567,9.112895259026,0
"EST","Europe","Europe & Central Asia",2008,0.386457983362473,1.68526933957756,4.91396651939592,6.47542505870495,1.07402864116445,2.29771208459523,0.0733248428774832,0.00661125632501898,0.038465491345565,0.168887547939121,5.11591034896014,0.576982370183474,0.21456531891198,2.65652299605308,2.3548092983113,11.3911946480077,0
"EST","Europe","Europe & Central Asia",2009,0.390520003771509,2.20098481404915,6.23917274494048,6.97799437369739,0.766263574967879,2.52043721353071,0.0978059108544859,0.0225164686859248,0.0211091893930545,0.53828432952289,5.50457295406218,0.0471438563111551,0.21038825428411,2.33537998651826,2.44936960924076,15.3400479319327,0
"EST","Europe","Europe & Central Asia",2010,0.241537930537997,1.71027693433869,4.62084263770185,6.46366267041376,-0.256339697869017,2.35819065887376,0.122450984283887,0.00807369127146509,0.0215298433905736,0.382154720182681,5.23242475151533,0.470292516562841,0.157436979793569,2.16307645314669,2.17989664329557,14.0912824991304,0
"EST","Europe","Europe & Central Asia",2011,0.2899721911915,1.48254224799753,4.4767428041737,6.02999548403965,-0.170536923917952,2.27758895253488,0.131319373469921,0.00950728495709838,0.0267392389418392,0.489030969980748,4.88852708387802,0.538944216005514,0.156870201792123,2.04050103391724,1.97692106576664,12.4474128300811,0
"EST","Europe","Europe & Central Asia",2012,0.618810852734651,1.79826323005969,4.57543315374707,6.08340373668684,0.87697187097489,2.27248175283575,0.127418528315998,0.00775591041923466,0.0166198080412171,0.731271553813553,4.95824273229644,0.654266443222581,0.178385939642397,2.01653670900101,1.85200060939296,12.1812113070094,0
"EST","Europe","Europe & Central Asia",2013,0.596845858777653,1.80682474325383,4.59455724912903,5.87178637121396,0.66199452646113,2.31593005765132,0.162346276727372,0.0178633443648241,0.0183887368461425,0.659367564054538,4.97231444319693,0.596320466296335,0.15656695943287,1.85831320642303,2.08160501098333,11.8029420928169,0
"EST","Europe","Europe & Central Asia",2014,0.602081566938338,1.76015944507406,4.57879315103724,5.48513651394277,0.678890326506604,2.15758283329179,0.168979271050184,0.0168483730665872,0.0198216153724556,0.734390849549479,5.05203421805462,0.509415515072109,0.184341022963837,1.90683939883023,2.009911798767,11.6615518639999,0
"EST","Europe","Europe & Central Asia",2015,0.476368742126683,1.85495101100845,4.652053534223,5.87810156951471,0.719364918666052,2.41071454348958,0.153015414137662,0.0529298602362981,0.0245402079277382,0.728026168522901,5.39932692465001,0.354630063583198,0.159270761256497,1.76497024860674,1.98246385612317,12.632432916214,0
"EST","Europe","Europe & Central Asia",2016,0.429619201581294,2.35276438290872,4.2814411419389,5.67217196937534,0.59464460304707,2.2490473009819,0.200519691725175,0.0244311348538718,0.0276578885138172,0.897498482273368,5.15773524301834,0.34249685276277,0.139672336994777,1.91715263881609,2.0678881312164,13.1185974869121,0
"EST","Europe","Europe & Central Asia",2017,0.431530857821097,2.02222257739165,4.70940644739067,5.69822618105285,0.737303697622206,2.09624736391847,0.184641370939046,0.0378535840193945,0.034068225617455,0.953069126532755,4.99330832753613,0.356664880538295,0.103887058364338,1.90571765768752,2.1505041676796,12.9072309598575,0
"EST","Europe","Europe & Central Asia",2018,0.495470478025308,2.0172177911542,3.98988164785031,6.18992420453943,0.742821631396082,2.0944190051721,0.157475113170834,0.0545401611469719,0.0265019092897258,0.926414568214762,5.13791363142988,0.331081823300632,0.0810420704366977,1.85052462257824,1.96190945872347,13.0335621715588,0
"THA","Asia","East Asia & Pacific",2000,NA,NA,NA,NA,NA,NA,NA,NA,NA,NA,NA,NA,1.1492511671512,NA,NA,NA,NA
"THA","Asia","East Asia & Pacific",2001,NA,NA,NA,NA,NA,NA,NA,NA,NA,NA,NA,NA,1.19213928946478,NA,NA,NA,NA
"THA","Asia","East Asia & Pacific",2002,NA,NA,NA,NA,NA,NA,NA,NA,NA,NA,NA,NA,1.24144969747753,NA,NA,NA,NA
"THA","Asia","East Asia & Pacific",2003,NA,NA,NA,NA,NA,NA,NA,NA,NA,NA,NA,NA,1.07021003586658,NA,NA,NA,NA
"THA","Asia","East Asia & Pacific",2004,NA,NA,NA,NA,NA,NA,NA,NA,NA,NA,NA,NA,1.22387105708132,NA,NA,NA,NA
"THA","Asia","East Asia & Pacific",2005,NA,NA,NA,NA,NA,NA,NA,NA,NA,NA,NA,NA,1.19274172164905,NA,NA,NA,NA
"THA","Asia","East Asia & Pacific",2006,NA,NA,NA,NA,NA,NA,NA,NA,NA,NA,NA,NA,1.34235494732256,NA,NA,NA,NA
"THA","Asia","East Asia & Pacific",2007,NA,NA,NA,NA,NA,NA,NA,NA,NA,NA,NA,NA,1.02847215282603,NA,NA,NA,NA
"THA","Asia","East Asia & Pacific",2008,NA,NA,NA,NA,NA,NA,NA,NA,NA,NA,NA,NA,0.924657038907865,NA,NA,NA,NA
"THA","Asia","East Asia & Pacific",2009,NA,NA,NA,NA,NA,NA,NA,NA,NA,NA,NA,NA,1.01002520433485,NA,NA,NA,NA
"THA","Asia","East Asia & Pacific",2010,NA,NA,NA,NA,NA,NA,NA,NA,NA,NA,NA,NA,1.16724784840626,NA,NA,NA,0
"THA","Asia","East Asia & Pacific",2011,NA,NA,NA,NA,NA,NA,NA,NA,NA,NA,NA,NA,1.17974252301499,NA,NA,NA,0
"THA","Asia","East Asia & Pacific",2012,NA,NA,NA,NA,NA,NA,NA,NA,NA,NA,NA,NA,1.15282940665456,NA,NA,NA,0
"THA","Asia","East Asia & Pacific",2013,0.0312249197948313,1.4063370541562,3.23352765246837,3.68346309401646,0.0247208425893846,1.11335250820949,0.000110260369431467,0.675887147686837,0.0129576910845955,4.79253469685536,1.06274858939604,0.564243546663707,1.11540683347589,1.09777237331909,0.221616734469263,2.53766871059231,-0.00274001586839889
"THA","Asia","East Asia & Pacific",2014,0.0407622086340946,1.33334723203996,3.58098213604538,3.72355676300115,0.0232146197955797,1.07080793357946,5.536706661433e-05,0.829402475656646,0.0133186413634561,4.93754789839486,1.05870801663572,0.430940712644861,1.11569443203184,1.12072379632538,0.20562574034309,2.54794948170735,-1.88960180160374e-08
"THA","Asia","East Asia & Pacific",2015,0.0342815113813373,1.3854827884767,3.74270996985045,3.75967114775594,0.0305736203578791,0.635379282378675,0.0047737040676208,0.663282313526701,0.0149226206726339,5.07663376361441,1.13507859615271,0.529798782318998,0.99496826550807,1.2513501827783,0.269745682267962,2.51213147908798,-0.00304909434768524
"THA","Asia","East Asia & Pacific",2016,0.0374654776792085,1.44488387650218,2.3225085476504,3.64691611423476,0.0327612477914039,0.570395607672075,0.00638287537061386,1.27325857919805,0.0165843301996782,4.87668646540201,1.14872751179733,0.556442133289393,0.839837595733883,1.24001156966579,0.258434096009355,2.78346181387968,0.00123345800852397
"THA","Asia","East Asia & Pacific",2017,0.0201951357890079,1.3204474774115,3.46661193220722,3.36324109021676,0.0386247955758396,0.564122273235199,0.00145320706372617,0.984420234210327,0.0172123948778273,4.58049988278772,1.19531957137121,0.470329729644437,0.929414876187312,1.14653573488677,0.30230678182876,2.83374842674833,-9.72957433380717e-09
"THA","Asia","East Asia & Pacific",2018,0.0191825155707073,1.24302457044685,3.49249924530623,3.06591506034594,0.0469686570703445,0.577399368112575,0.000471836509165754,0.809005958743405,0.0198611106799305,4.31575323610614,1.23978360537466,0.569359328557357,1.01152622708471,1.16686892164776,0.577508205428464,3.0027554245574,0
"GRC","Europe","Europe & Central Asia",1995,NA,1.3710994584372,5.08037479583942,3.63083469440385,0.382532450786556,NA,NA,NA,NA,NA,5.01912662253933,0.358892804951431,NA,0.931616951775122,0.45989856442878,12.0637410814063,NA
"GRC","Europe","Europe & Central Asia",1996,NA,2.01675126410901,5.05352446208644,3.64335141745198,0.416355289847336,NA,NA,NA,NA,NA,4.94967827091239,0.349389054417345,NA,0.901617865426983,0.504673078602832,12.0869202325378,NA
"GRC","Europe","Europe & Central Asia",1997,NA,1.88907873631355,5.34643280563498,3.92112420670898,0.360032080340331,NA,NA,NA,NA,NA,4.90794337122533,0.336494874119534,NA,0.921438036125253,0.505614059557849,12.1059697328963,NA
"GRC","Europe","Europe & Central Asia",1998,NA,2.64323862593104,6.04967149118255,3.63155919944437,0.362437431643821,NA,NA,NA,NA,NA,5.21223346079848,0.367227353647925,NA,0.904496938441519,0.502143490096836,12.4553938513368,NA
"GRC","Europe","Europe & Central Asia",1999,NA,3.34855630881463,5.76654283984483,3.74021780564919,0.377460030346292,NA,NA,NA,NA,NA,5.59238801396228,0.434265896299397,NA,1.00082966462116,0.481354969392103,12.7790775026347,NA
"GRC","Europe","Europe & Central Asia",2000,NA,2.39438713742593,6.60545002725722,3.85211721310895,0.441779294427492,NA,NA,NA,NA,NA,5.61781843154191,0.389388801178078,NA,1.05984551884288,0.443903233343009,13.5705537108753,NA
"GRC","Europe","Europe & Central Asia",2001,0,2.58288763026138,5.39443079227828,3.70776771751843,0.452711670630905,1.52699843620642,0,0,0.245081934898879,3.38581021590864,6.2867130110254,0.39949012444643,6.33139282757533,1.4902032931653,0.556526538496918,13.5734654454183,0
"GRC","Europe","Europe & Central Asia",2002,0,2.88876245709986,5.32420577385431,3.91224818152342,0.488189843448896,1.46089893002,0,0,0.249600822214473,3.55130581606622,5.96778436446614,0.37440123332171,5.73959537749066,1.50494613394021,0.568331283914818,13.7335511222861,0
"GRC","Europe","Europe & Central Asia",2003,0,3.64551018697074,5.49621307397781,4.25477208574383,0.441575137642883,1.63047427405606,0,0,0.262709259103994,3.09158491937062,5.97859199016238,0.3745004331908,5.07420139180012,1.49129426231799,0.542746150191442,14.2947374304799,0
"GRC","Europe","Europe & Central Asia",2004,0,2.94503293481179,6.34433913564187,4.10601086126082,0.50124925148155,1.60544301967829,0,0,0.252431394412439,4.70740671911458,5.63350471824733,0.374775444465093,4.92989737553945,1.58376179561833,0.590555245823783,14.0293006256582,0
"GRC","Europe","Europe & Central Asia",2005,0,2.68417301572962,4.49102096947431,4.21045763443451,0.59073890043264,1.79078708304474,0,0,0.252456811314883,3.06511679264412,6.17992190401622,0.335270675861515,4.85590387568886,1.54385119603296,0.638921512532498,14.905491813975,0
"GRC","Europe","Europe & Central Asia",2006,0,2.57823759994859,3.74503125831949,3.6477219524286,0.77158935472914,1.63452093527095,0,0,0.221699975213667,4.56848830911311,5.8963931295958,0.236847178489135,4.59556967254501,1.42888617565248,0.642608623807732,15.1228759489952,0
"GRC","Europe","Europe & Central Asia",2007,0,2.76585229592385,4.23171963299598,3.59139646318142,0.793742882313758,2.31461784739681,0,0,0.233782419046391,4.36150325533424,6.0117320956617,0.218311523668321,4.68424332280453,1.4946603923591,0.615397838372118,15.7106942564301,0
"GRC","Europe","Europe & Central Asia",2008,0,2.99227240795074,5.70354146865573,3.77288317699078,0.908715236166784,1.68849952477375,0,0,0.256208934253482,4.41009959089219,6.45853134427042,0.257035414686557,5.02913343526592,1.5864291912889,0.695070044216703,17.0420265300219,0
"GRC","Europe","Europe & Central Asia",2009,0,3.31868279909402,5.39880606565797,4.1299350829776,0.878611061995335,2.15169196830769,0,0,0.297641600781362,4.3867404245287,6.81334040600504,0.372157249067502,5.24893278435929,1.78374464287218,0.657169078952908,18.6432258118838,0
"GRC","Europe","Europe & Central Asia",2010,0,2.68502992952294,4.45381385739124,4.10563152841867,0.773345249102999,1.92849653366131,0,0,0.271201737814725,3.9419371679106,6.86056337405046,0.197318066990811,6.10933898447558,1.78559578110967,0.556560825727444,18.8058275192341,0
"GRC","Europe","Europe & Central Asia",2011,0,2.39338450168817,4.36943616594777,4.43512744591338,0.844809181322423,1.98474609837269,0,0,0.288848422201721,2.97832670785252,6.48653087248646,0.185481261079366,7.55498022016239,1.73260750909293,0.615372725560187,20.2126272164769,0
"GRC","Europe","Europe & Central Asia",2012,0,2.41103742599527,7.22840526348821,4.51454990481371,1.09411936988766,1.72119830129077,0,0,0.304386937511768,3.5815150310663,5.84558900441413,0.225413694274178,5.31003535490889,1.85090270078032,0.632831949122403,21.0084517060313,0
"GRC","Europe","Europe & Central Asia",2013,0,2.1471985120728,16.6223831191117,4.47595956912108,1.69273860528967,1.88703267018721,0,0,0.343197493551208,3.32071252228016,5.2348688653448,0.292271413862965,4.22132917067986,1.86655152944302,0.61886257708105,19.5694532088966,0
"GRC","Europe","Europe & Central Asia",2014,0,2.66265896471431,3.94557137739567,4.29540569586244,1.46706519792226,1.84824467132366,0,0,0.349834318466774,3.61420831094394,4.70177324019344,0.274270105677951,4.0894232491492,2.10628246462475,0.646493820526599,20.1834811033495,0
"GRC","Europe","Europe & Central Asia",2015,0,2.50651592593846,7.42871971927924,4.12562479549583,1.46566022408015,1.76296697469226,0,0,0.42988186710896,4.05792686366765,4.71798169899243,0.235250313102935,3.69348633065927,2.08396800144422,0.696160398966478,20.2653758927665,0.000564149431901522
"GRC","Europe","Europe & Central Asia",2016,0,2.09985948053125,4.15042382484928,3.93794478944744,1.44542405149359,1.85565024250941,0,0,0.325801187616155,3.26651103757763,4.97200942840306,0.209079370835411,3.348669597933,2.14858800598341,0.711663115905897,20.4348170980463,0
"GRC","Europe","Europe & Central Asia",2017,0,2.48920751534253,3.63670665527306,3.81149496720638,1.33449488952269,1.77562729583061,0,0,0.334039885028133,2.99692594524409,5.20536239443341,0.185331099002319,3.2410746984208,2.10911229732879,0.749647648958484,19.4741923670222,0
"GRC","Europe","Europe & Central Asia",2018,0,2.03070693071451,4.3662093831545,3.88925582251481,1.29768182162695,1.84230756737443,0,0,0.334571283172905,2.59373951081131,4.99150037355046,0.206806197689401,3.43720562599478,2.06048269216194,0.792576631982416,19.0267115649057,0
"ESP","Europe","Europe & Central Asia",1995,0.238360763371949,1.32548647737851,5.55797110274245,4.30575929736117,0.771782929161325,1.60157497365379,0.0750193070447854,0.0427435586650522,0.0146113185232576,0.837424822825512,5.22147461794563,1.03478666257996,5.00339523700149,1.9736183975445,1.30651357123636,14.3847340464567,0
"ESP","Europe","Europe & Central Asia",1996,0.229277258157897,1.26843423880352,4.63658713804407,4.28526193187214,0.776126158450115,1.71093523075996,0.0631850253630828,0.0372524090902866,0.0152302666998962,0.828403019825435,5.28819557550179,0.977412656186581,5.10584400393276,1.85809253738733,1.29251452534254,14.1993422958451,0
"ESP","Europe","Europe & Central Asia",1997,0.224887298332588,1.23165470446522,4.34678891613591,4.16951114911986,0.797749951572227,1.80567856578575,0.0774138720594107,0.0350297771068833,0.0158698437721792,0.81574867682604,5.09344571214893,0.987413938117783,4.57322449190969,1.84012773885219,1.3001659812378,13.8023127841525,0
"ESP","Europe","Europe & Central Asia",1998,0.234825141812977,1.16996791209668,4.72940366444272,4.09796084661922,0.819989871642542,1.8352154270095,0.0809866539893869,0.0339854708705463,0.0168119616540468,0.859037008387425,5.08932426286431,1.07994256904598,4.1019378698062,1.8146072159497,1.28982092904972,13.3535784454063,0
"ESP","Europe","Europe & Central Asia",1999,0.232740940204872,1.09694302959276,4.6030238549767,4.14964988475103,0.872610360349047,1.83434839288638,0.0839145441923635,0.0245521512065833,0.0147985568916393,0.834941306443056,5.09188072865847,1.07541785593219,3.42317527370692,1.79785649691495,1.34448252668927,13.0111266507162,0
"ESP","Europe","Europe & Central Asia",2000,0.234274661508704,1.09168278529981,4.76595744680851,4.07489361702128,0.710870406189555,1.94522243713733,0.0714893617021277,0.0184139264990329,0.0176402321083172,0.590793036750484,5.11984526112186,1.16441005802708,3.15744680851064,1.70088974854932,1.33617021276596,12.7268085106383,-0.00588007736943856
"ESP","Europe","Europe & Central Asia",2001,0.237159913541702,1.05556889788543,4.54735192872909,3.98797474868769,0.854862135611441,1.74003042051212,0.0943493326929015,0.00614700197847692,0.0174403311947485,0.854004414405142,5.01766905684976,1.00696469619515,2.98158186663007,1.8345227067394,1.29372948616782,12.5277329856703,-0.0138664928351701
"ESP","Europe","Europe & Central Asia",2002,0.241696116846927,1.07635515315873,4.66989995836047,4.03156062822306,0.918605396055989,1.67652491431866,0.0886174608428268,0.00320304075335519,0.0165623898954741,0.923943797311581,5.07575191381685,1.03378140314539,2.69829491463896,1.79677240260087,1.30617332721197,12.6258528096006,-0.0297615869999251
"ESP","Europe","Europe & Central Asia",2003,0.255516060298305,1.0262958758986,4.45678256367366,4.00237967222255,0.937431547085648,1.74940757114125,0.0886154091244001,0.0191668160184798,0.0230250711910309,0.902582790688412,5.11430392098293,1.0484497281797,2.39012684947329,1.79122607881793,1.3441663181791,12.6900501822092,-0.0550112511699234
"ESP","Europe","Europe & Central Asia",2004,0.25028441410694,1.06022613823686,5.21011817696362,4.06073692275545,0.871003691579021,1.65819228715377,0.124793944881707,0.0322722945833624,0.0210118176963618,0.828863968795709,5.38854449629681,0.792412528151192,2.11267442130436,1.78414710594135,1.35172157600241,12.7482528847717,-0.0897355529242409
"ESP","Europe","Europe & Central Asia",2005,0.249310634603027,1.06064481186719,4.83114577579667,3.93180064605842,0.866676839686814,1.79310226249401,0.141419308248958,0.0161192220648509,0.0224594494103589,0.882151292869071,5.57488668186888,0.84948300281764,1.88938774896138,1.75516835990139,1.36766226146238,12.674974155514,-0.119604627721193
"ESP","Europe","Europe & Central Asia",2006,0.249212777313701,1.00647437334693,4.79337760696208,3.93343479097675,0.930678767507892,1.72931047824646,0.220541402853645,0.00674620575530718,0.0210322885312518,0.96728685462125,5.55113524753615,0.770059545186681,1.73139386531795,1.78278407974809,1.46918472103447,12.6292940095677,-0.104665398115427
"ESP","Europe","Europe & Central Asia",2007,0.264617087046994,0.99000099000099,5.1142340861967,3.99266474032829,0.945774777550478,1.67883812743626,0.183659062163735,0.0151738469495479,0.0148037531215101,0.974919666508452,5.59230278856447,0.907470066348571,1.69928581143534,1.8557429772383,1.55781744566791,12.7788772648586,-0.110658054583288
"ESP","Europe","Europe & Central Asia",2008,0.282111581446393,0.995677394790477,5.23666823445094,4.19655535398329,0.922842616855921,1.6806647405317,0.288920244574347,0.0161257810925217,0.0159466057470492,1.00302358395485,5.94584425183095,1.05175927792336,1.71658939729893,1.94557548881274,1.61392192434321,13.720979193263,-0.125153978812515
"ESP","Europe","Europe & Central Asia",2009,0.311569785330086,1.00208331016485,5.47647379366333,4.58291166690762,0.997449613178976,1.86459966711521,0.294425106482357,0.0175153746065991,0.0137157430781834,1.11273599418749,6.65806652506089,1.28677765297687,1.92733992430393,2.03317356346126,1.61623350867243,16.0041406716266,-0.170056679381529
"ESP","Europe","Europe & Central Asia",2010,0.296410052408332,1.03364217089834,5.55361793262315,4.4642832362723,1.02476097082618,1.7066706138667,0.224250301822034,0.00647587505261648,0.0134143126089913,1.1144980965553,6.46181315250223,0.692641093127709,2.14527237993034,2.14166439240102,1.63136543825484,16.6201482975387,-0.210003376706276
"ESP","Europe","Europe & Central Asia",2011,0.295296646547383,1.03171659742781,5.40184539384875,4.37620101471439,0.943716141544343,1.7823361972406,0.199168760024999,0.0313886976399623,0.0141062301893878,1.04899906487838,6.3568652032932,0.563688695117656,2.80377673294104,2.1486310884498,1.49273809401475,16.8817010432071,-0.245784712770059
"ESP","Europe","Europe & Central Asia",2012,0.275145097926073,0.922087102032573,7.67261484013983,4.1360241966119,0.91343171621875,1.78733717055438,0.0847266100219751,0.011732856325404,0.0116366853719171,0.969210869241163,6.10012357967523,0.556925991642744,3.54130302024879,2.01987853608575,1.19530878088891,17.6668926684074,-0.345542235878502
"ESP","Europe","Europe & Central Asia",2013,0.249392362042054,0.952916710945673,4.32010357875115,4.0794857720585,0.851229363951982,1.87599993370336,0.130350894468423,0.0218388933140813,0.0117969021919814,1.02594051046463,6.04781352704952,0.455399422634258,4.15046217532927,2.03316196951719,1.1322101252519,18.0675894249059,-0.519453676684937
"ESP","Europe","Europe & Central Asia",2014,0.244647434044439,0.991983195544507,4.32078780520707,4.24023433736101,0.891098649091365,1.72727447919678,0.0475997764544911,0.0340136054421769,0.0125262569617082,1.06444277427685,6.29010811123316,0.536027442138328,3.50417220712648,2.09448651982039,1.19115068123567,17.8335356805612,-0.169393536451409
"ESP","Europe","Europe & Central Asia",2015,0.233914342399171,0.818283980705998,4.01058117863601,3.91124388969306,0.840574750385001,1.65654641058488,0.10497935097788,0.0158162722618657,0.010266703047176,0.993187903788968,5.75397834743078,0.477077966822825,3.96155998390625,1.91062418779742,1.08281344660621,17.1350348929164,-0.506953147761902
"ESP","Europe","Europe & Central Asia",2016,0.219979030036389,0.96536916879033,3.65213458318845,4.02344416903614,0.831200731535303,1.66803278322188,0.0505924953273451,0.023329754912433,0.0139442213269714,0.983067603551486,5.93818240650444,0.438080953355686,3.06138228350926,1.89319620323881,1.09533646244044,16.915323715992,-0.166347409548039
"ESP","Europe","Europe & Central Asia",2017,0.230554419502726,0.882005694839919,3.64274268017584,3.9544927245462,0.840336134453782,1.39764506965933,0.0477570887553062,0.00420125197308798,0.0110604388679255,0.97168956348992,5.83176643782704,0.434358010115586,2.77668459486641,1.81999950270895,1.09112515529628,16.6087494073234,-0.140184632163241
"ESP","Europe","Europe & Central Asia",2018,0.222222590064291,0.843700962054148,3.83944355794506,3.95299640471162,0.844114784382014,1.57053849871881,0.0441962246161384,0.0034761075540783,0.0119180830425542,0.973475644073071,5.85260641854983,0.441051837040078,2.67991339526322,1.81841807311082,1.09844998708874,16.810787189385,-0.136809661592652
"CHN","Asia","East Asia & Pacific",2005,NA,1.32248040862993,9.43821739844796,2.37252593892972,0.787818675923769,NA,NA,NA,NA,NA,0.631263998351628,0.106531364222328,0.446640029888136,1.25299061993249,0.334849730383714,2.0628590419945,0
"CHN","Asia","East Asia & Pacific",2006,NA,1.36284420131232,9.79298515164113,2.42352730395574,0.833655418993617,NA,NA,NA,NA,NA,0.653054941856829,0.113378221942194,0.468747521259412,1.29521508646961,0.330324827644182,4.45619810595287,0
"CHN","Asia","East Asia & Pacific",2007,NA,1.31370083763341,14.4331583790099,2.68880738556485,0.340556349254683,NA,NA,NA,NA,NA,0.762215734196588,3.63015952399846,0.415594997391941,1.28309203866234,0.347224308419646,4.13538017672502,0
"CHN","Asia","East Asia & Pacific",2008,NA,1.31366335955133,7.81180943342775,3.61058008898458,0.472063387945972,NA,NA,NA,NA,NA,0.967947176339116,1.84311637780966,0.436040541186538,1.30138902382688,0.460051604857339,4.63028831339847,0
"CHN","Asia","East Asia & Pacific",2009,NA,1.42301115675354,8.73035212009678,3.72757864583707,0.574237494633067,NA,NA,NA,NA,NA,1.21631034348517,1.77141131653986,0.426223443252851,1.38574785016933,0.504046069357408,5.41896212358094,0
"CHN","Asia","East Asia & Pacific",2010,NA,1.30596232729405,8.85769292502669,3.73450413658092,0.608255791356947,NA,NA,NA,NA,NA,1.24272018611776,1.78928564339901,0.449038907336224,1.36861093281133,0.479768457026704,5.43160384402653,0
"CHN","Asia","East Asia & Pacific",2011,NA,1.24309472134372,7.98871641540235,3.50799066753159,0.543371339215834,NA,NA,NA,NA,NA,0.898181205285413,1.79558263579863,0.490513308417557,1.29707406414951,0.431886178776949,6.44318619268325,NA
"CHN","Asia","East Asia & Pacific",2012,NA,1.24030643098356,7.98334323624558,4.06274516634888,0.548417916153472,NA,NA,NA,NA,NA,0.873212016512524,1.90227566228732,0.487207786739724,1.31455564516159,0.442803917416264,7.08130992548232,0
"CHN","Asia","East Asia & Pacific",2013,NA,1.24557529059502,8.21313938293981,3.84851810255173,0.578305456033493,NA,NA,NA,NA,NA,0.880673126730024,2.1472240102845,0.511959368969007,1.30439950270262,0.451749174494649,7.49578782736871,0
"CHN","Asia","East Asia & Pacific",2014,0.0727879688042017,1.28731332265372,8.07898664982129,3.72298844529918,0.584441233679549,1.12994712548576,0.0296741557537495,0.647200009458735,0.0548016747796052,0.195632128869796,0.905375843897747,2.28843948107493,0.554203464939269,1.29132646158619,0.441805243316491,7.90900637002255,0
"CHN","Asia","East Asia & Pacific",2015,0.0788021255866278,1.30477757269779,8.55939826533717,3.78648154815207,0.704659357787354,1.10051835154632,0.0310064329221345,0.557525298498994,0.0601589787083656,0.20450121473642,2.75352024447713,2.54677865089979,0.613081478547459,1.34170252102677,0.452006611965061,6.79035458381667,0
"CHN","Asia","East Asia & Pacific",2016,0.0764033547324022,1.31686316494687,7.7574076462235,3.79539356568231,0.666487332729862,1.11136518027959,0.0232973460734647,0.566654369810562,0.0690100551546161,0.225942919072331,2.98962709177916,2.64889249060487,0.689997772973213,1.47954800273366,0.432852248209126,7.08366450620926,0
"CHN","Asia","East Asia & Pacific",2017,0.0742139307879091,1.28656554372854,7.08249086189797,3.72918085017566,0.732817478046815,1.12401214307007,0.0230922417784479,0.559977818762535,0.0651073788157966,0.232792591281582,2.97711234139023,2.76346437087084,0.860542234801425,1.52850176797699,0.424527829042344,7.21507549637296,0
"AFG","Asia","South Asia",2006,NA,2.20295689377607,14.9907599101478,4.6847606716807,0.537075928540901,NA,NA,NA,NA,NA,1.3871497492116,0.519812463869662,0.0489854424674681,3.12552569925547,0.312940058077297,0.887694871821923,NA
"AFG","Asia","South Asia",2007,NA,2.98616525989333,18.1863574310169,4.1748953487159,0.142215102166941,NA,NA,NA,NA,NA,2.37641843648056,1.23583508550516,0.0249646976115947,3.49493518840782,0.472220165095539,1.35756354873091,NA
"AFG","Asia","South Asia",2008,NA,43.129653042335,12.87124938447,4.38367211090707,0.140065490253051,NA,NA,NA,NA,NA,2.31331858424625,1.04903579588396,0.0199202698643341,21.3009421695672,0.385406588303609,1.78737129490638,NA
"AFG","Asia","South Asia",2009,NA,31.2465239176863,10.6573327880176,4.81064002285526,0.223920222361293,NA,NA,NA,NA,NA,2.22269035976789,1.1623514275275,0.0178891081692614,17.3574859893632,0.372424996521356,1.21146756416165,NA
"AFG","Asia","South Asia",2010,NA,27.3649565368864,15.0192072162024,5.38364626252556,0.113936737799151,NA,NA,NA,NA,NA,2.56263397230629,0.626114425128783,0.0121723905536795,22.2015445679249,0.385428733206517,5.380667662739,NA
"AFG","Asia","South Asia",2011,NA,37.1644985946347,15.7050499355447,4.9523342985783,0.365817096191878,NA,NA,NA,NA,NA,3.73088912285056,0.694433883197724,0.0122599632593668,24.9736914598191,0.421792687597682,2.05287472459466,NA
"AFG","Asia","South Asia",2012,NA,27.2323021136077,11.3016022129507,4.37464900678746,0.275446885255142,NA,NA,NA,NA,NA,2.18668832425038,0.539485925741475,0.0161870903441698,14.2643432302044,0.337328469765671,1.57138079477765,NA
"AFG","Asia","South Asia",2013,NA,30.9722073818494,9.47935465444843,4.7448683360136,0.29947925997365,NA,NA,NA,NA,NA,1.81960688289477,0.361397275037279,0.0257751182420577,14.4843371526509,0.299616350488769,0.980455778372783,NA
"AFG","Asia","South Asia",2014,NA,24.7929242638732,8.82447088201754,4.72421274968218,0.186381298755426,NA,NA,NA,NA,NA,2.09934704917945,0.219346685680385,NA,12.4907036414031,0.240678770198228,2.48841060396514,NA
"AFG","Asia","South Asia",2015,NA,25.5309931259201,6.73844380224633,4.03307214478249,0.0915235918662746,NA,NA,NA,NA,NA,1.50644573786368,0.288267107746184,NA,12.6961535389169,0.216701340362112,1.45894456168779,NA
"AFG","Asia","South Asia",2016,0.0209529112532189,17.8554092422232,7.62584094931769,3.95378174951752,0.129158975528447,2.96113044416079,0,0.0722366567767014,0.01103238740785,0.141029985209615,1.87985759076096,1.31101818723128,0.0440258260129126,8.95968616956678,0.285796659808525,2.61428062369705,0
"AFG","Asia","South Asia",2017,0.0173158370951913,16.3113344216884,8.59309392051025,3.68425609045007,0.17262259574404,2.32248082972862,0,0.101510404613201,0.00727406633420501,0.1101820417971,2.0053039823787,0.604285375561734,0.0491179971986436,8.79543917170266,0.297681048822175,1.84451354161154,0
"SWE","Europe","Europe & Central Asia",1995,NA,2.34073167871552,5.50227507308019,6.94148197214554,0.352274492030641,NA,NA,NA,NA,NA,6.05411367230707,2.49967514048193,NA,1.37302007367708,2.03636736276402,25.4339119530343,NA
"SWE","Europe","Europe & Central Asia",1996,NA,2.40836683219246,4.50506690079414,6.82527568047158,0.36663045307475,NA,NA,NA,NA,NA,6.26694134787641,2.31341551468503,NA,1.39544985052244,2.05866807746998,24.423640356317,NA
"SWE","Europe","Europe & Central Asia",1997,NA,2.27847889653572,4.13577846144164,6.94881977841621,0.360160939083387,NA,NA,NA,NA,NA,6.02843034241594,1.75679868306477,NA,1.29608769341134,2.02152311938217,23.1059099337058,NA
"SWE","Europe","Europe & Central Asia",1998,NA,2.22554746437552,4.15056018740271,7.18186818943839,0.348994506645911,NA,NA,NA,NA,NA,5.93683578313974,1.44724434199497,NA,1.30158439109089,1.99311833912106,21.9480638546282,NA
"SWE","Europe","Europe & Central Asia",1999,NA,2.27269797710278,4.20123095769255,7.21670838161555,0.319451611770505,NA,NA,NA,NA,NA,5.99748510196271,1.09850106209771,NA,1.3065646483921,2.00227309801391,22.398549555448,NA
"SWE","Europe","Europe & Central Asia",2000,NA,2.16143660317755,3.50534950756465,6.43699157961031,0.422481212616301,NA,NA,NA,NA,NA,5.83998002026373,0.710441667439294,NA,1.24075665733666,1.31129548376104,21.9273846842625,NA
"SWE","Europe","Europe & Central Asia",2001,1.12319336865221,2.01927368007105,3.71374435681896,6.76101191038072,0.425184243157988,1.6968406219861,0.72227093776323,0.0508132326494903,0,2.28145389311708,6.22219080147933,0.724399871621272,2.70113504309484,1.28760329848175,1.29664122523759,21.7741731401654,0
"SWE","Europe","Europe & Central Asia",2002,1.19785973723568,1.94696718697264,4.00335499812665,6.88208118259426,0.436521329861186,1.6505599920731,0.687217255868537,0.0628965384841663,0,2.32856532415134,6.50547606293215,0.648705221535156,2.96453641574109,1.3253945645005,1.28003164566761,21.9952872107533,0
"SWE","Europe","Europe & Central Asia",2003,1.24373424722386,1.88955154553995,4.13174940859631,6.80791624919794,0.428609497891194,1.6977268362545,0.621290235176945,0.0608152066302718,0,2.31257825212481,6.69611154863653,0.661709644234763,2.15343148128574,1.33581308516958,1.23870973504817,22.8378593642764,0
"SWE","Europe","Europe & Central Asia",2004,1.20475029242116,1.75015265647155,4.04506753337371,6.6732482914389,0.447602644362166,1.55839407881377,0.737978903000104,0.0553724231107495,0,2.37578635420071,6.47469707870459,0.624673482299495,1.76754322480884,1.27481045525236,1.21317885008157,22.4256179786469,0
"SWE","Europe","Europe & Central Asia",2005,1.16803923837291,1.64612472658145,4.22895368115526,6.67932634750584,0.510873397812789,1.64660538703638,0.781759897056264,0.0499543544232263,0,2.34696200276105,6.49846068489308,0.633373148041017,1.82506774737448,1.26911526546705,1.23474804293946,22.0461440903312,0
"SWE","Europe","Europe & Central Asia",2006,1.09714739098112,1.63754497265759,4.00655379221705,6.56153291651817,0.494437178579549,1.73820631866847,0.824416746358243,0.0634092298165293,0,2.36958937201963,6.40807354954612,0.552202148366632,1.6842149398725,1.28011817467856,1.26328215333358,21.2563155238115,0
"SWE","Europe","Europe & Central Asia",2007,1.23582863038873,1.53530308713078,3.96648263202785,6.30203167813333,0.466752028661255,1.64588153643101,0.739483904574467,0.0456018611866005,0,2.36871954885691,6.40302888532254,0.535154820441156,1.71804405612789,1.27130348250862,1.22142644683578,20.1317360149492,0
"SWE","Europe","Europe & Central Asia",2008,1.27345242752513,1.46493686017927,4.34167769799505,6.42710654217382,0.46109333637118,1.76557183492129,0.784600471631603,0.0507485260408526,0,2.31718240886533,6.58700561030254,0.561412928451937,1.63884770231927,1.28952475653807,1.26812442102084,19.9844398660875,0
"SWE","Europe","Europe & Central Asia",2009,1.37754306924019,1.45711602968762,4.60664383172931,6.72983058166033,0.468339420414578,1.48834466322171,0.853952989496069,0.059904926827408,0.000180165193465889,2.39079211729235,6.99476349865191,0.593314009615416,1.24184865102813,1.34997779463991,1.3278174758436,21.4627191672044,0
"SWE","Europe","Europe & Central Asia",2010,1.46620830325709,1.49601144844126,4.48814638722297,6.42042098062992,0.439792464790133,1.76782509587285,0.730653235083792,0.0597183322675348,0.000196073323580086,2.26548720159391,6.68677258547606,0.49180791648845,1.12324804984072,1.3410294913886,1.30103053337826,20.3326916133557,0
"SWE","Europe","Europe & Central Asia",2011,1.47988593055703,1.41656480614594,4.41930361282641,6.3448035539418,0.450910936889139,1.7732603630196,0.778298627262554,0.0543136608536709,0.00048398311651786,2.31413838367923,6.73123718453039,0.542276194107344,1.19159332081789,1.3134226264258,1.2767205734232,19.668347880611,0
"SWE","Europe","Europe & Central Asia",2012,1.55947466322522,1.39451992330154,4.55553177073301,6.45646301351439,0.460999871669124,1.81795823164875,0.797526830931974,0.0555921853730129,0.000750159609852703,2.44289476948533,6.85035039151634,0.522405794018495,0.960418631928561,1.35409167861341,1.29973189831372,20.4626930890742,0
"SWE","Europe","Europe & Central Asia",2013,1.59109779288157,1.44935527900273,4.37348390915245,6.50119711767465,0.472938943585009,1.96475395673781,0.795365088067843,0.0561140704259155,0.000761491830768156,2.48099290132064,6.92773757626078,0.56368776314138,0.867706811990818,1.34980991588404,1.31191913271857,21.0420411762265,0
"SWE","Europe","Europe & Central Asia",2014,1.61930546505547,1.29054103953664,4.3474372802983,6.5251499259225,0.443912356950549,1.90114660612525,0.759313191823291,0.0790009259059233,0.000653107813530686,2.34493336541935,6.93258872344049,0.605983572831318,0.754038090252466,1.32369882083896,1.31485674582501,20.5849283817043,0
"SWE","Europe","Europe & Central Asia",2015,1.51141197487037,1.2114034771797,4.15965489489345,6.43976655596129,0.426179195817159,1.81012581054669,0.749985935262662,0.0552938376677441,0.000682639971206717,2.28578463462166,6.84887975249829,0.590554193021866,0.665621050545253,1.26479063078993,1.27022821125024,20.1819211983957,0
"SWE","Europe","Europe & Central Asia",2016,1.47368573614877,1.20019049780119,4.22204452693612,6.62758880103012,0.438176647080177,1.5413065676223,0.70354198639929,0.060125019277372,0.000543502999117487,2.33715348003838,6.86464669247853,0.52846608280857,0.612324066380739,1.27539772530407,1.28225945066793,20.5464288569294,0
"SWE","Europe","Europe & Central Asia",2017,1.48570258768253,1.18211331373892,4.15806291475999,6.70694470472703,0.466907275971717,1.53235869108423,0.779498840738655,0.0597267371932675,0.000584283298629791,2.4144100707935,6.85340505158356,0.56179921169363,0.5339050942146,1.27544716066449,1.24649267719906,19.9958407685186,0
"SWE","Europe","Europe & Central Asia",2018,1.52465868598449,1.20140547393369,4.30463630962134,6.88652436491347,0.501957931775263,1.66993126550581,0.858539843001346,0.0624990690307493,0.000496516933710024,2.39468048307788,6.99325481745555,0.717860045116839,0.551713066174122,1.29235082562491,1.27859316892003,19.540568743597,0
"UKR","Europe","Europe & Central Asia",2001,NA,1.69544786348202,3.71734048174919,4.54343253214902,0,NA,NA,NA,NA,NA,3.08421464558607,0.86286624867984,1.94249378107169,1.89687017678846,0.705543475289407,15.0551994530642,0
"UKR","Europe","Europe & Central Asia",2002,NA,1.32893856878532,4.02620311237216,5.39327887152917,0.177283353648818,NA,NA,NA,NA,NA,3.70232349095313,0.831671976257258,1.25071179162813,2.2277658644818,0.657496345229791,15.5748460806156,0
"UKR","Europe","Europe & Central Asia",2003,NA,1.33334974013787,5.37830553807539,5.49487162167966,0.222358078294293,NA,NA,NA,NA,NA,4.01559975360345,0.790983715061576,0.95199164460589,2.17985973566289,0.799027078021044,14.7679346606601,9.87205698559427e-06
"UKR","Europe","Europe & Central Asia",2004,NA,1.48417802087886,6.24868767986708,5.2262590943181,0.258198715818966,NA,NA,NA,NA,NA,3.86575047634893,0.873525862346147,0.913858522745669,2.28098762060763,0.813476948230805,16.6107550138276,0
"UKR","Europe","Europe & Central Asia",2005,NA,1.14997942053807,4.7363778506783,5.98731191594024,0.201977394672441,NA,NA,NA,NA,NA,3.81491416069803,1.05109063429628,0.785979696341381,2.31780240994345,0.814107154136048,20.1798731966353,0
"UKR","Europe","Europe & Central Asia",2006,NA,1.0191748125604,5.02445134444443,6.11400151365767,0.283155155618863,NA,NA,NA,NA,NA,3.85023025004678,1.59785134182094,0.680215490321524,2.33383424922898,0.82708500095498,19.9633388347006,0
"UKR","Europe","Europe & Central Asia",2007,NA,1.31045855829661,5.83773093814205,6.0399385625719,0.283662920811365,NA,NA,NA,NA,NA,3.90063469760281,0.860830298328145,0.561561908381412,2.26095464783923,0.81816060548414,18.4860120506947,0
"UKR","Europe","Europe & Central Asia",2008,NA,1.22941600603141,5.45037952524759,6.38853092103734,0.289692868991311,NA,NA,NA,NA,NA,3.64555952573447,0.939744093590108,0.514095606442677,2.83761117512453,0.843951703518181,20.2570413221868,0
"UKR","Europe","Europe & Central Asia",2009,NA,1.05935212264944,4.33259823954168,7.32118621403761,0.278319328695414,NA,NA,NA,NA,NA,4.15849945767079,0.821978228516706,1.16682977738907,2.66896265023576,0.928655611041326,23.0691950016361,0
"UKR","Europe","Europe & Central Asia",2010,NA,1.05129773029223,4.11770040320713,7.39708490141252,0.266120409951952,NA,NA,NA,NA,NA,4.27287172046776,0.503199159491025,1.62029159562365,2.67065519305209,1.08217105543542,22.9139034327269,0
"UKR","Europe","Europe & Central Asia",2011,NA,1.01863397515829,4.4528897507752,6.6361359424796,0.299286687369374,NA,NA,NA,NA,NA,3.8298203602948,0.667646929863361,1.95415930217978,2.51061199654459,0.839133501693473,13.6170165024219,0
"UKR","Europe","Europe & Central Asia",2012,NA,1.03133905567789,4.42512079358198,7.23145452772148,0.37716358800543,NA,NA,NA,NA,NA,4.26459187182176,1.42806597141391,1.9042350902597,2.6113767727486,0.983099933151511,22.2970678501483,1.42382297893667e-09
"UKR","Europe","Europe & Central Asia",2013,NA,1.01313007293212,3.35930223717204,7.2030537852222,0.381804060952854,NA,NA,NA,NA,NA,4.33868124997441,0.525846680039148,2.45046735587955,2.68968763839426,0.946219150585791,22.8257887329904,6.82501614116317e-10
"UKR","Europe","Europe & Central Asia",2014,0,1.72444648894238,2.55555590564082,6.3084349193246,0.219400535000299,1.15241206995964,0,0.0892108272969882,0.205877441450865,0.154948437692,3.69046861363085,1.12220881395664,3.3072722861653,2.82715835441722,0.884514923609645,20.5360085448811,0
"UKR","Europe","Europe & Central Asia",2015,0,2.61577817740015,1.93116672298928,5.74256340317338,0.278077829809147,0.686879445463616,0,0.0609340301245534,0.156642246789611,0.184411307972064,3.59067237134305,0.789542499436774,4.44969284059091,2.76398208940813,0.816084532200444,18.5339122493644,0
"UKR","Europe","Europe & Central Asia",2016,0,2.48847242374025,2.53403773926612,5.426322238884,0.262240569270892,1.21540207439778,0,0.0081119592917987,0.121100862047643,0.194934364397596,3.18519120957069,0.735631037068929,4.09527338979704,3.02077625790916,0.708398330319821,16.4038238141133,0
"UKR","Europe","Europe & Central Asia",2017,0,2.49287275555496,3.28022541670578,5.96448951151322,0.246372681801725,1.47337508213428,0.000335241977659475,0.00707025330883832,0.128317219368941,0.198449841095303,3.43262641974978,0.932462151180722,3.7410624488756,2.96639585454286,0.816056079278023,15.7510465584059,0
"UKR","Europe","Europe & Central Asia",2018,0,2.86333448422647,3.99155038108287,6.19838796468968,0.243234441947873,1.63319739485477,0.00029509455558914,0.00680832149446424,0.152347629175868,0.13141211435934,3.44370036204912,0.895543649372624,3.45098972229677,3.48312193054633,0.855632188648249,16.210238681254,0
"MLT","Europe","Middle East & North Africa",1995,NA,0.995222653503193,7.06432139807409,5.52305760814779,1.33880153449987,NA,NA,NA,NA,NA,4.19585321568787,1.55470346855204,NA,1.61926450539126,0.559733712227283,13.5236766171483,NA
"MLT","Europe","Middle East & North Africa",1996,NA,1.02794907161707,7.38970679564053,6.00125037054673,1.49980080404537,NA,NA,NA,NA,NA,4.55224675278529,1.77536860012931,NA,1.82155101470847,0.589198784349204,15.032913757258,NA
"MLT","Europe","Middle East & North Africa",1997,NA,0.975589481403039,7.43201370925932,6.12342575049924,1.13731787651173,NA,NA,NA,NA,NA,4.76616878351006,1.74238251368634,NA,1.91249990889768,0.494726872465731,14.6001581442975,NA
"MLT","Europe","Middle East & North Africa",1998,NA,0.863695174105116,7.46280558436899,5.75796782736744,1.0908126805116,NA,NA,NA,NA,NA,4.80066888921776,1.98654995158032,NA,1.90570897217449,0.453784561590432,14.4242889881284,NA
"MLT","Europe","Middle East & North Africa",1999,NA,0.797119393315181,7.33011917922682,5.75028278883394,0.964792426554707,NA,NA,NA,NA,NA,4.68453348748612,1.29842925923904,NA,1.5833108984346,0.60929981747886,14.1749280416574,NA
"MLT","Europe","Middle East & North Africa",2000,NA,0.694941327990842,5.78450606445025,5.1403516066152,0.746985179226164,NA,NA,NA,NA,NA,4.74239623137734,1.19398698927892,NA,1.52324351397763,0.540332655208156,12.3919721452993,NA
"MLT","Europe","Middle East & North Africa",2001,0,0.727463037460206,6.16864540710226,5.67660912285706,0.99892162536416,2.02629807851327,0.0278214556908131,0.0463299957751735,0.00321377692212596,1.20938882642485,4.83410694652017,0.984565191230283,3.79244443391431,1.59720021384519,0.605245681516584,13.0186584381466,0
"MLT","Europe","Middle East & North Africa",2002,0,0.699895990757295,5.28915699766339,5.84561641932059,0.888921098584051,1.95294917066314,0,0.0521708411096476,0.00310276880006401,1.12969595746902,5.42944647269486,0.91329999629884,3.90607564240058,1.54548913931188,0.601272268183832,13.141843740574,0
"MLT","Europe","Middle East & North Africa",2003,0,0.804385371197162,8.90764340512214,5.88411681407078,1.33435933794125,1.65922344031084,0,0.17022794911359,0.00191220137876023,1.06490704915177,5.54200087288841,0.926787272639781,3.59613634458121,1.58807273845939,0.609782107804871,13.0946920021442,0
"MLT","Europe","Middle East & North Africa",2004,0,0.911131123993546,4.90548034696018,5.51884313632551,1.34573811471778,2.44028249763521,0,0.497688786855246,0,0.934356600713457,5.65314697996674,0.840300632878785,3.77666447532473,1.55165556226468,0.671601651131495,13.1898244796937,0
"MLT","Europe","Middle East & North Africa",2005,0,0.848809951281012,5.52629498961709,5.39592843880375,1.43183759741807,2.65325934826046,0.0351308044721184,0.154058967317477,1.94200135279814e-05,0.353716126398654,6.00119200043035,0.756545467009572,3.81069215452816,1.48017401108922,0.616138769202267,13.1513302612167,0
"MLT","Europe","Middle East & North Africa",2006,0,0.689602931077025,5.40394118759936,5.46361283018293,1.522945083337,2.40589601872806,0.0102856533887051,0.11843354326092,1.85661613514532e-05,0.91018749409364,6.04538349613072,0.749775860017085,3.72864218421234,1.40906024960719,0.542985954884599,13.2649467346114,0
"MLT","Europe","Middle East & North Africa",2007,0,0.618343012329691,5.28588529295088,5.23007966674332,1.61874527137201,2.50790102065416,0.00366479524736847,0.104889566345299,0,0.771656508294248,5.48255105876108,0.645333968796092,3.51170754447602,1.39406379592197,0.549441387939593,13.3815916813664,0
"MLT","Europe","Middle East & North Africa",2008,0,0.621716562971095,6.65654267633944,5.17898071639279,1.53905973507822,2.61741645056511,0.00636352674484232,0.162808384256504,0,1.14874711132598,5.26537782950545,0.70830947690668,3.37552460343399,1.40402243420562,0.623054535261036,13.3101320235999,0
"MLT","Europe","Middle East & North Africa",2009,0,0.878063370237918,4.3811454132303,5.35796057193934,1.57044992012052,2.74929735870732,0.00636950664668607,0.146905910332008,0,1.6362790156685,5.13194897292113,0.337567561976033,3.3380124500234,1.45868218328443,0.731010847220948,14.183115659652,0
"MLT","Europe","Middle East & North Africa",2010,0,0.763617645984768,4.43363420934321,5.62469287478595,1.94469071704902,2.16882867159623,0.00498522086574043,0.0882187108824947,0,1.4200303143856,5.25430157131434,0.327888128613243,3.15062928185393,1.39924088269018,0.779982504753764,13.729025516603,0
"MLT","Europe","Middle East & North Africa",2011,0,0.819043099696911,4.40732043646975,5.7235095390118,1.2809285484171,2.60584130818559,0.00543033025336516,0.132962587659216,0.0129830267782612,1.22500053791007,5.42128458194581,0.345360221908763,3.23700376332132,1.38324123971366,0.853747447488633,13.8201904948143,0
"MLT","Europe","Middle East & North Africa",2012,0.00255299772155416,0.706482828509423,5.05077814812521,5.79769041596285,1.40725977686521,2.61466028947367,0.0170897388464691,0.155411992448707,0.00788220608020821,1.58157511309919,5.51070836060716,0.445965454453126,3.08569534450402,1.42254986158009,0.924073568744835,14.016250458284,0
"MLT","Europe","Middle East & North Africa",2013,0.000994075441170027,0.642015775715653,5.06536373024193,5.77183745035345,1.36514025946677,2.69051750128674,0.0135377379159339,0.179299817731036,0.00977071519150013,1.20389075895698,5.68554908607189,0.337580171857332,2.94014815648055,1.39492328288182,0.890913954268606,13.7883103268088,0
"MLT","Europe","Middle East & North Africa",2014,0.000564153874379622,0.739194367111616,5.10522821375837,5.51780099401562,1.48451215440139,2.76563508388322,0.0110127537561189,0.171502777811405,0.00769834974413859,1.11031359080768,5.6896446147928,0.324294452122553,2.77291031822157,1.30607498521741,1.03799611603564,13.0503600183209,0
"MLT","Europe","Middle East & North Africa",2015,0,0.807026604687841,4.94189122670488,5.27107176885463,1.94021032681772,2.6936022055262,0.006326412658955,0.285133800003769,0.00772422887656372,0.986744353495503,5.5784877947865,0.365378805088714,2.40382972651881,1.16701087459601,1.16145067230818,11.9352382427607,0
"MLT","Europe","Middle East & North Africa",2016,0.00339243647106967,0.588012656590905,4.38792810663578,5.21960662041226,0.957015027043808,2.74941995135381,0.0296427426118823,0.290067815868213,0.00786735979330687,0.804036438827025,5.39297848770015,0.257670530822557,2.13233479076012,1.12821225556819,0.979389643654994,11.6023646925264,0
"MLT","Europe","Middle East & North Africa",2017,0.00283999721131738,0.627117390444232,4.57234242616096,4.93493309815915,0.926538031013123,2.39046369634219,0.013129457512757,0.374658448310458,0,0.872224190264596,5.43250768745663,0.257723111419549,1.86570122096877,1.11689747026142,1.17094589070983,11.31799935379,0
"MLT","Europe","Middle East & North Africa",2018,0.00263716525345714,0.513825277983589,5.51701462506935,5.23211151979509,1.24673813086977,2.53257933668234,0.0138430889919935,0.384352635570783,0,0.685809024282125,5.36644466062888,0.43804532013117,1.58485517378148,1.23450979844836,1.05459021332557,10.9529019325877,0
"AUT","Europe","Europe & Central Asia",1995,0.560488629729684,0.923574489261453,6.01803499897077,5.51776336024762,1.18865270783028,2.75593114383918,0.171414265379995,0.0243971407181517,0.016966999440943,0.980603088851005,6.67066983961621,1.43052306134271,4.40297599744678,1.49843636484598,1.39354225147978,21.8682083188357,0.311578896943192
"AUT","Europe","Europe & Central Asia",1996,0.571148712425544,0.900680340679815,5.72425686517378,5.49298814676601,1.25414085281709,2.70435831093196,0.165354723242846,0.024783486878831,0.013613387465494,0.968807538474939,6.73362517660426,1.42665561526211,4.39191436001466,1.49538541773378,1.37163233006959,21.8334575977219,0.500923354711191
"AUT","Europe","Europe & Central Asia",1997,0.584531468738972,0.891636348992549,5.10853427071731,5.41500859986923,0.377943852338709,2.74531882041375,0.123953629589909,0.0221487697895019,0.0105657050144179,0.913143970182881,6.99104723410614,0.650606865694735,3.97830586285355,1.49688062660883,1.3845789455278,21.2271690163085,0.289534229387073
"AUT","Europe","Europe & Central Asia",1998,0.535247363590712,0.884069293789656,5.41744547651958,5.3396239099633,0.417506592933109,2.66438023372954,0.0825428095011576,0.0272426413291598,0.015661080966006,0.911841610702706,7.13825449485756,0.694190783033676,3.91059483586678,1.4832495189629,1.36666996016228,20.9405103016808,0.332875639303151
"AUT","Europe","Europe & Central Asia",1999,0.539733510718144,0.851182189309229,5.07227351795874,5.37175264630077,0.46001826828079,2.75090188598905,0.0938873861543699,0.0390482049108514,0.0146136435212847,1.09299163210704,7.26459475714077,0.5570059641718,3.74875031027625,1.49699829188631,1.43914219531363,21.0754886176445,0.118194403156037
"AUT","Europe","Europe & Central Asia",2000,0.539145830836529,0.863822432286673,4.92398167845158,5.20385625149808,0.443849060702301,2.55521370146213,0.0779751917545542,0.0306732382550336,0.00859056657478428,0.994427133269415,7.12333525587248,0.612285025167785,3.80363135186961,1.41771033077661,1.40024362565916,20.7797846880992,0.167490299916107
"AUT","Europe","Europe & Central Asia",2001,0.553751275365605,0.820097494615123,5.22881305974379,5.18103616370026,0.486475456297472,2.59279900238068,0.0716925518648679,0.0288856138759778,0.00715111665344065,1.15539281260628,7.04832105203492,0.565269243849904,3.77340891055436,1.42826436911915,1.39145675093527,20.6171771907947,0.305266976533273
"AUT","Europe","Europe & Central Asia",2002,0.580611215197287,0.783627773720181,4.94898013188953,5.17462220246349,0.489381445845197,2.5261362152855,0.0631706060638136,0.028844220041705,0.00495291423651908,1.21113528027408,7.3047899046994,0.520885155899922,3.60695207449042,1.42740959498128,1.38212769786076,20.8723435972888,0.038489833074
"AUT","Europe","Europe & Central Asia",2003,0.590035042320341,0.823457868348698,5.18119143889158,5.25295379804841,0.541105180872284,2.33981346703326,0.0847355652595827,0.0289956331877729,0.00291120815138282,1.10257156720039,7.40820529408593,0.531923014717774,3.33294517224648,1.42837241899833,1.35751576904415,20.9721839452262,0.213674052509569
"AUT","Europe","Europe & Central Asia",2004,0.51006340873858,0.827210258953746,8.56310937605091,4.91220280893243,0.502033643314189,2.50280691054982,0.089862400520243,0.031739442777193,0.00291316258459416,1.13730940138635,7.51259653977354,0.436058350729095,3.15719152971158,1.44421891962931,1.37174058988654,20.5613614785002,0.0756885853954825
"AUT","Europe","Europe & Central Asia",2005,0.520665157925809,0.782127324608875,6.48802518941257,4.80171209288596,0.515930335530847,2.45718390239103,0.101269310243038,0.0348322345764046,0.00182623241168946,1.13161861655023,7.4343284463249,0.423504870609072,3.36646659450949,1.37033553084719,1.331028239693,20.2321637311817,0.0880330611040047
"AUT","Europe","Europe & Central Asia",2006,0.479926399536413,0.713919269491503,6.38277169667887,4.79616121608039,0.490638642334306,2.54266228170398,0.103881498474374,0.0389994339574736,0.0019677071991947,1.16464369937915,7.32870866134676,0.369178461708493,3.22295504069084,1.3584721929742,1.33759284068218,19.8582018665962,0.131070955446927
"AUT","Europe","Europe & Central Asia",2007,0.477396136320419,0.755421194599582,5.90549267901035,4.68501785349569,0.462771764009888,2.44667544668953,0.102261442787822,0.0319778292684645,0.00138743142074386,1.15305410982541,7.3607004767975,0.388804766566424,3.1920007887935,1.2983576192522,1.41882821908739,19.4054821148117,0.0924015240617231
"AUT","Europe","Europe & Central Asia",2008,0.483898694827341,0.896470917433473,6.32236855766524,4.84564199782205,0.459620529415149,2.25365508597269,0.104969364645313,0.0365261798756067,0.00169184635584124,1.21321042653932,7.51236971166104,0.377503004984649,3.00715647604403,1.3293452963097,1.33896873624524,19.5820662924634,0.0668670784060152
"AUT","Europe","Europe & Central Asia",2009,0.54541667245282,0.707426643151741,7.68455860910139,5.10679965560817,0.547444140478538,2.35823346433184,0.130559914457513,0.0398480787657441,0.00216980739053756,1.321221757787,7.84032994959103,0.424334476677174,3.22763883295608,1.40184832872756,1.38685062004416,21.2355334601658,0.0291344377942259
"AUT","Europe","Europe & Central Asia",2010,0.554423403310481,0.643255110062096,6.52534027089193,5.11539504002412,0.572152569512458,2.44365430356415,0.137619019616988,0.0436943175420062,0.00229134096167377,1.35239472166966,7.86589977715188,0.384698573758536,3.01987924159994,1.36169526787398,1.28714895676395,21.3994043865323,0.0470299422163012
"AUT","Europe","Europe & Central Asia",2011,0.507473187744314,0.62197081405236,6.14089247464037,4.98357294890799,0.485198564337967,2.37477537551346,0.125515632703455,0.0320318629007893,0.000519139312162983,1.24940387651965,7.65147501666244,0.362659115393061,2.93500085609619,1.32275406952017,1.26301757947588,20.6943149731063,0.0828430261372134
"AUT","Europe","Europe & Central Asia",2012,0.505543489142268,0.593887208378014,6.32270327826718,4.99920446403942,0.479628159901787,2.40270689348385,0.131641587670103,0.0324428037888224,0.000423658203858679,1.20718110070167,7.68476754188175,0.370126636144447,2.8891167228563,1.33772431525066,1.25315586134263,20.9108494472516,0.0507197325241776
"AUT","Europe","Europe & Central Asia",2013,0.50394522926416,0.621592033841478,6.34027270521274,5.0224938887383,0.449831465634611,2.49458646254425,0.140983519506332,0.0435151470994121,4.32218559341447e-05,1.18603551231175,7.77824532848919,0.347911242066474,2.75346068138638,1.32127361225426,1.25310348361984,21.3024041848636,0.0420826513027376
"AUT","Europe","Europe & Central Asia",2014,0.49864308782243,0.578869150802006,7.37423310673605,4.93406046176137,0.454569331593556,2.24175519389241,0.145365651886665,0.0395862355885301,0.00177099476776105,1.18211199230608,7.91882900625281,0.345515075818087,2.57771290133668,1.32956381599544,1.21942895324304,21.4503186439823,0.0767831290836063
"AUT","Europe","Europe & Central Asia",2015,0.509887192327858,0.555431456303911,6.15217343943577,4.92626616336271,0.406168620382649,2.30415516247239,0.144728452601751,0.0427614713943156,0.00180968661630722,1.23200443852512,8.20172341423669,0.350820676904129,2.45527706650671,1.34332776097032,1.21532801659218,21.1865386039851,0.0265265781382304
"AUT","Europe","Europe & Central Asia",2016,0.528453481608904,0.595658627837151,5.70050999669883,4.91079268443309,0.375937295782365,2.25345948883554,0.160996481000321,0.0407059782572081,0.00216147874340047,1.22141233828209,8.20407503306782,0.34023078978749,2.21376407206875,1.34946451469469,1.20909190944471,21.0809723622661,0.0165395230598904
"AUT","Europe","Europe & Central Asia",2017,0.524591706224752,0.59258862754735,5.8085704993605,4.84221507973391,0.353004373354788,2.04256241769715,0.19843519489504,0.0358151722996893,0.00186807699721356,1.22232522328386,8.1767595541595,0.30901940556222,1.94372195012099,1.35938422126466,1.18374443192752,20.5165570827288,0.000273047433746122
"AUT","Europe","Europe & Central Asia",2018,0.526358865975643,0.582927991628982,5.85514149404031,4.77275223132191,0.371940511896067,2.24181934969204,0.138471460317954,0.0333882422415267,0.00186224080146286,1.19856045418991,8.15863494382197,0.319230550073298,1.70102617497293,1.34725481359462,1.15787865131289,20.1094811108176,0.0259496392070325
"BEL","Europe","Europe & Central Asia",1995,NA,1.46690231362468,4.65697300771208,5.75306215031,0.755330409798881,NA,NA,NA,NA,NA,5.98825230606381,0.306120520187509,NA,1.42451421442613,0.779005368214124,17.6431366248299,NA
"BEL","Europe","Europe & Central Asia",1996,NA,1.37707635811302,4.7006385944439,5.86363068031842,0.727228944675215,NA,NA,NA,NA,NA,6.31249913171531,0.390010326799202,NA,1.4628860393715,0.81600237099605,17.7579731688455,NA
"BEL","Europe","Europe & Central Asia",1997,NA,1.3500081869637,4.66572848488067,5.76295863591909,0.737225017590908,NA,NA,NA,NA,NA,5.95692329478822,0.352570485332059,NA,1.47657422035766,0.851178701503304,17.537361319473,NA
"BEL","Europe","Europe & Central Asia",1998,NA,1.29591880250757,4.78621689624291,5.80860591069982,0.725276131178302,NA,NA,NA,NA,NA,6.07300951000043,0.439805535417289,NA,1.46662970702375,0.861486630559939,17.1951042688388,NA
"BEL","Europe","Europe & Central Asia",1999,NA,1.26797010953015,4.98458388780837,5.71919336677244,0.756761183335039,NA,NA,NA,NA,NA,6.20198587368206,0.444753813082199,NA,1.50381820042993,0.899907871839492,16.7938990684819,NA
"BEL","Europe","Europe & Central Asia",2000,NA,1.20578417021013,4.78894129857255,5.49318028673002,0.782582429072658,NA,NA,NA,NA,NA,6.23219555266399,0.476915212491577,NA,1.50037564576217,0.926489609715671,16.3101517299068,NA
"BEL","Europe","Europe & Central Asia",2001,0.772833987990428,1.20332746399386,4.63294053907626,5.64502535855644,0.814822339609012,2.53510316492844,0.212236820322964,-3.76239709843936e-05,0.00831489758755098,0.796875705449456,6.263262449772,0.403629960720574,6.58818306319322,1.67904495312053,0.940373530783933,16.5876187036285,-3.76239709843936e-05
"BEL","Europe","Europe & Central Asia",2002,0.790176867285914,1.18113900350826,4.70910512060786,5.75158598876629,0.821951175176776,2.64108483449367,0.194099576463745,3.63550433533892e-05,0.00618035737007616,0.88302764801047,6.30530965408176,0.428844091396579,5.93376111101012,1.70472433788377,1.22152945667388,16.989766055296,0
"BEL","Europe","Europe & Central Asia",2003,0.799152269518853,1.1370768866072,5.18980175985451,5.86136988433928,0.84185722322272,2.71478964183741,0.191163931120129,0.0884526795854754,0.00484720684128405,0.951786213411549,6.82964367722556,0.36959067637995,5.45275388572621,1.74053644781115,1.27177262707996,17.3311703704752,0
"BEL","Europe","Europe & Central Asia",2004,0.780821596794226,1.08907941120347,4.6231641954933,5.59373441219105,0.868431360077131,2.59213755101084,0.206688069739648,0.0231327269501291,0.0161694748435779,0.955137239673129,6.84916189895919,0.457398622749079,4.88154102125466,1.63435561462417,1.25998038237628,17.167395911098,0
"BEL","Europe","Europe & Central Asia",2005,0.780882301007124,1.06410984939691,7.6707407514423,5.66519306153505,0.844802732750954,2.55306102137851,0.245087180277449,0.0298573588758223,0.0146718419422051,1.11213846109394,6.76898430401854,0.411517877494936,4.49391776705481,1.66472433310539,1.27285452403196,17.0124020405739,3.21046869632498e-05
"BEL","Europe","Europe & Central Asia",2006,0.783470376107414,1.00039184233244,5.54839558932475,5.60055959983102,0.81123607888276,2.44662678854596,0.247901500633683,0.0362148030686153,0.0116328192443566,0.710704030465741,6.66728912453851,0.418414140610172,4.27258144504105,1.72952470749582,1.27768151789924,16.9826915894717,3.06126822219909e-05
"BEL","Europe","Europe & Central Asia",2007,0.788397270765161,1.01110492236998,5.59806447121075,5.50073684699111,0.808501009538397,2.52790735454524,0.248323237949361,0.0301991227459444,0.0153751537515375,0.93779734967161,6.7406414630184,0.438191881918819,4.10142379725684,1.67006080438163,1.21646475898721,16.7503017011302,0
"BEL","Europe","Europe & Central Asia",2008,0.871391209548502,1.05356063558772,6.05130116983839,5.6861715047477,0.952138866764954,2.41695051205143,0.288223099648088,0.0233572271836324,0.0164658566481955,0.97521366072992,7.24455327537804,0.403935989335322,4.04416125807053,1.76755181237396,1.23228437635921,17.3948924776737,0
"BEL","Europe","Europe & Central Asia",2009,0.969602789134761,0.998904759993348,6.72150512354422,6.04116611522384,1.03543187435131,2.74713144600352,0.305520353687977,0.0276390410055565,0.018550269222609,0.985314609125471,7.78340051952222,0.412148562712525,3.9385633432918,1.88169114231812,1.31959218078915,19.0787081902162,2.86712043626105e-05
"BEL","Europe","Europe & Central Asia",2010,1.07326465827264,0.96660923963506,6.77196173113741,6.00828263959836,1.21651269100879,2.53801003010126,0.309941632589338,0.0209531061267978,0.0154477802032862,0.937932243406619,7.7141119854506,0.438919641414294,3.68207701430563,1.84461286055092,1.2791802816207,18.7534956080646,0.000164338087269002
"BEL","Europe","Europe & Central Asia",2011,1.05487369001364,0.939312647880414,7.477677806002,6.16076727678465,1.49807310337187,2.59699768139338,0.348160281925683,0.0273537550084805,0.0163014663406373,0.963870358500371,7.67245131321764,0.322257304665965,3.70763399251399,1.83829367434524,1.28926661865911,18.9484235321426,0.000263777772502222
"BEL","Europe","Europe & Central Asia",2012,1.15615185509199,0.922475038774094,7.77216058797268,6.23435810488231,1.57067981760047,2.58605784243137,0.258399333163011,0.0315612088742997,0.0131096435880165,0.981416822150136,7.90896023494133,0.40861830033987,3.73968067179181,1.8585500424515,1.36422873747423,19.5112786805711,0.000258063850157806
"BEL","Europe","Europe & Central Asia",2013,1.19403783953245,0.92544495732029,7.0462684246612,6.38340117397876,1.54424340051129,2.60724726704576,0.260360247845624,0.035249948386735,0.0124126716300361,1.02997137693996,8.02595191427865,0.378471788571676,3.54028765793022,1.87186656505438,1.29774864212509,20.0794461960386,0.00053524867398513
"BEL","Europe","Europe & Central Asia",2014,1.22578645591198,0.882310303284794,7.41975475272816,6.35765810350775,1.37145513714551,2.43942552351244,0.266117784676295,0.0298435836295197,0.0144968831701184,1.06284648800508,8.09091045425234,0.359747654254335,3.47812720265143,1.83982943667112,1.2746759446719,19.9230665406938,-0.000224951635398389
"BEL","Europe","Europe & Central Asia",2015,1.21658075956634,0.839205746491755,6.95373178984342,6.39306937677419,1.28220908142242,2.4478293760931,0.237361439833813,0.0249329243522913,0.0336412042724086,1.02825812509274,7.93947015711391,0.286740792453473,3.16365971544844,1.74328574590796,1.22959452983802,19.6539553347944,0
"BEL","Europe","Europe & Central Asia",2016,1.22735248054074,0.814286218956442,6.7612486899589,6.28219168403575,1.21399889308887,2.55055875460722,0.245310347263928,0.0251292377621554,0.0241165318354706,1.02978061963472,7.71696046914191,0.333769032394814,2.95406318813956,1.71931559920397,1.27158182310618,19.6746387819267,2.35513006205768e-05
"BEL","Europe","Europe & Central Asia",2017,1.14929128479535,0.801662207548244,6.5248477258496,6.34207320544202,1.30278362839415,2.09592986850344,0.2355097626231,0.019308931519326,0.00958615586042011,1.12729549723914,7.70021062218933,0.308829054477145,2.60454260829965,1.70863550976262,1.2627312574714,19.5824443558946,0
"BEL","Europe","Europe & Central Asia",2018,1.17598877706401,0.77248693691094,6.72226341047622,6.35243481773828,1.30080398485259,2.26971449880801,0.232227761672431,0.0292559921510479,0.00970020377087098,1.16912982291024,7.74826528392519,0.336887854989723,2.37692727732816,1.74699116105002,1.28231366507882,19.6796713029349,2.2197262633572e-05
"CHE","Europe","Europe & Central Asia",1990,0.921746079957816,1.8349323188743,4.02375234489916,4.41196108378984,0.670719842394466,0.732479587441219,0.286926673451879,0,0,1.40356667202062,1.56379063200405,0.160201892376819,1.24386734559526,1.29555480238766,0.862169978759941,8.82454141826846,0
"CHE","Europe","Europe & Central Asia",1991,0.905652712908765,1.78492466325622,4.24617590885766,4.71136634701785,0.755788410187241,0.757874623035134,0.32742516015547,0,0,1.44712212585448,1.73383939144819,0.165757802823512,1.37046425781221,1.39850374199717,0.898568228243237,9.5506464502177,0
"CHE","Europe","Europe & Central Asia",1992,0.91855308639402,1.76407354090424,4.31211801639082,4.94725198687185,0.782321690142468,0.828866015038618,0.380962246104183,0,0,1.44912727370064,1.70993717279642,0.160279005870172,1.64153918592405,1.45801963390371,0.872486881170515,10.692351501492,0
"CHE","Europe","Europe & Central Asia",1993,0.902579858825506,1.59152210675034,4.37570510680055,4.98579350984927,0.784607224999475,0.913154609554204,0.328905222703097,0,0,1.42842672595476,1.68789546848269,0.144364148113839,1.73548447822206,1.46690601730789,0.81940976291764,11.8741118518354,0
"CHE","Europe","Europe & Central Asia",1994,0.895569202967848,1.59116999003472,4.43487160828399,4.93520910141647,0.801832120020485,0.897135850101177,0.343046501901122,0,0,1.45544363550176,1.5990339490994,0.128810649961278,1.88489724642884,1.48753395325139,0.817744320887357,11.8131020038047,0
"CHE","Europe","Europe & Central Asia",1995,0.891352176811752,1.55703727700842,4.28248117452436,4.96993983797503,0.776387972617854,0.887490828476326,0.329498841705281,0,0,1.46589679434573,1.60838846870737,0.134081505559107,1.92334006717609,1.52294795011151,0.825219240789533,11.8831404479878,0
"CHE","Europe","Europe & Central Asia",1996,0.886490285881573,1.47882646878747,4.43089637637297,4.97413859564398,0.809144309786903,0.930863091874319,0.323854355961082,0,0,1.39754260516887,1.57980069586605,0.113924158184782,1.84888220878333,1.52749125742816,0.853425476642818,12.4653378677539,0
"CHE","Europe","Europe & Central Asia",1997,0.864490484133984,1.38690224736424,4.21816293057241,4.88723960219546,0.773763499064187,0.904543851179336,0.316433561979076,0,0,1.39400658604139,1.5618971133425,0.172208358252271,1.85688368887643,1.49715451202611,0.797425647102924,12.8926330283855,0
"CHE","Europe","Europe & Central Asia",1998,0.834024377810484,1.33684630956133,4.55932883019523,4.78799750073519,0.771822669833897,0.888038198321307,0.315081247375946,0,0,1.42436217975073,1.50048059677891,0.175233530013707,1.85064306155465,1.48073286288335,0.838236510618925,12.5019728185777,0
"CHE","Europe","Europe & Central Asia",1999,0.811452510727665,1.22520868796113,4.13830463218992,4.78097148287678,0.753625991280374,0.876612819630149,0.329169309566734,0,0,2.64325902691924,1.5357257347775,0.202193920695639,1.83817845978485,1.44587073334852,0.826522595815527,12.440777557424,0
"CHE","Europe","Europe & Central Asia",2000,0.824615261512363,1.16022291264024,3.80741519191641,4.67888102726472,0.711309918815598,0.888098998916425,0.310119185367098,0,0,3.02628746212326,1.48821393691812,0.173063735076365,1.70421646969132,1.42294770511521,0.789132511125628,11.6572788421689,0
"CHE","Europe","Europe & Central Asia",2001,0.839181148816527,1.09978044080571,3.99392011744046,4.83277098512879,0.711060631508242,0.939827548298642,0.306488444556099,0,0,1.91381401150207,1.67611960224785,0.179443419052052,1.5870458444722,1.46110240102922,0.807544101215421,11.7950537386091,0
"CHE","Europe","Europe & Central Asia",2002,0.893109931333267,1.09214602975417,4.01362312049129,5.15361994574966,0.74163580013661,0.962978493308877,0.324066676755662,0,0,3.16636283386566,1.81240862339265,0.185674831886729,1.5245169440963,1.52865310126162,0.8424829663433,12.4545071892878,0
"CHE","Europe","Europe & Central Asia",2003,0.915264330220119,1.05982484781892,4.02017386353022,5.21847004779058,0.723231460390361,0.992499438921188,0.319610918776411,0,0,1.56620590058475,1.88541582593615,0.17010289320147,1.3443736120241,1.58657161309396,0.87146164941842,13.1207847041086,0
"CHE","Europe","Europe & Central Asia",2004,0.940687346345817,1.02172834522367,3.92929213740956,5.1312073831549,0.695105050803282,0.979728481087301,0.315304359532113,0,0,1.77815715010833,1.83383325556396,0.172901056628169,1.28681908551641,1.55638078200153,0.855514465247646,13.1225421552696,0
"CHE","Europe","Europe & Central Asia",2005,0.948509717934801,0.970602828528129,3.95289031925873,5.04341118535298,0.683080468166487,0.938551936140786,0.308150079826473,0,0,1.466507814344,1.8208661589852,0.155974495349384,1.29811470941018,1.53322967980391,0.820149380286622,12.9555453487962,0
"CHE","Europe","Europe & Central Asia",2006,0.956483392409409,0.887422682159045,3.68518330940039,4.8259111724097,0.65275951700933,0.843966969206027,0.302718768231813,0,0,1.27253213262686,1.70646009977065,0.150401366262668,1.26876897483961,1.46581782913087,0.79251292124123,12.2404051879815,0
"CHE","Europe","Europe & Central Asia",2007,0.914271463708034,0.833079862970833,3.60360298354568,4.59482379328714,0.60245603609509,0.887412289598529,0.296963431631989,0,0.000990664904901085,1.28715998025169,1.67419568655259,0.133039442398592,1.10578404490854,1.42975353324256,0.776145951925829,11.7419989249269,0
"CHE","Europe","Europe & Central Asia",2008,1.07907354544077,0.847222659822416,4.01253757793262,4.66659712277225,0.562967852011074,0.810888858569092,0.302376666414942,0,0.00125167126356418,1.70592903336956,1.77109558277741,0.193054868126971,1.01434448296947,1.42731266401005,0.790454568976051,11.2504038455953,0
"CHE","Europe","Europe & Central Asia",2009,1.14420498847476,0.866300016921789,4.33137614054264,4.97071636034434,0.650791312688287,0.843749472621503,0.3277057413917,0,0.00187570946546118,1.32367827757299,1.9107689964665,0.189444635757353,0.927156268895757,1.50365191723883,0.812800736587323,12.4129431769441,0
"CHE","Europe","Europe & Central Asia",2010,1.1676128468205,0.817400017001343,4.1628577437073,4.92386702824315,0.614957545420787,0.95852037937269,0.320112619300488,0,0.00186579201953197,1.45053108975354,1.86540890565159,0.197944402895655,0.851037603960139,1.50110008274711,0.812134872133058,12.401023681475,0
"CHE","Europe","Europe & Central Asia",2011,1.21320580053626,0.812028896452161,4.1102806561474,4.95334349186752,0.602119158841593,0.876027121829413,0.347202593664298,0,0.00162957232318745,1.52104905624976,1.93296270026524,0.191048583922387,0.772866947374689,1.54837758235158,0.811130452658465,12.2558972144637,0
"CHE","Europe","Europe & Central Asia",2012,1.32177262039889,0.797644543838339,3.9748276700891,5.01753719036173,0.611853034073307,0.867269619260246,0.373815974835466,0,0.0014049173112632,1.39896254698171,2.0815536594694,0.193457397412906,0.70822720470538,1.54831638808514,0.813043460221569,12.472411643193,0
"CHE","Europe","Europe & Central Asia",2013,1.38607974328574,0.828465220210638,4.04982999795583,5.03955462041966,0.623618008159117,0.88513870505656,0.407247324170461,0,0.00149457287441275,1.96491714004678,2.14046867045769,0.191962648235658,0.622392218992284,1.5895043494542,0.803717249665728,12.5954052467958,0
"CHE","Europe","Europe & Central Asia",2014,1.39772151143737,0.780476078999995,3.94375528900927,5.03039890194554,0.594530264074851,0.895013008984084,0.440754616497624,0,0.00142328957880484,1.66541431148156,2.13245319721491,0.188406365645439,0.569160462979444,1.58797716532532,0.814286066201634,12.6128457205567,0
"CHE","Europe","Europe & Central Asia",2015,0.484633975877737,0.775378663227399,3.83552168276311,5.01575823966458,0.713762780736066,0.911422246790458,0.416453988092044,0,0.860107405534411,1.55629999529161,2.11269214965538,0.187151355237759,0.567081587684126,1.57405498705727,0.808960168147747,12.5288212626246,0
"CHE","Europe","Europe & Central Asia",2016,1.46276457822097,0.799054230390705,3.97053225671399,5.1061936000622,0.615531407858072,0.913395929510648,0.4346007640162,0,0.00119047904088259,1.36861697407947,2.20605364844989,0.189381916420928,0.482802537507351,1.60013730496389,0.818516053005403,13.0168911753358,0
"CHE","Europe","Europe & Central Asia",2017,1.50517645059496,0.808903897524139,3.90247490811168,5.11989364322571,0.605578444552628,0.90574446083103,0.42656121117652,0,0.000788412505832944,1.41881466601009,2.1492545778384,0.187578860825945,0.417809445506838,1.61401784577844,0.837917879670842,13.0178575759405,0
"CHE","Europe","Europe & Central Asia",2018,1.50281809062056,0.788378455602446,3.90672822740467,5.05542214868546,0.587356483997455,0.888551560029404,0.381733737504587,0,0.000776734552116826,1.46920692148794,2.16972464423826,0.179829866501503,0.351117126767666,1.60197636830165,0.81832810558052,12.7923218460105,0
"MUS","Africa","Sub-Saharan Africa",2002,NA,0.178527677668729,2.81148080553532,3.38515942656475,0.961500950402998,NA,NA,NA,NA,NA,1.90926900252379,1.52758686324756,2.33829002674398,1.65679494948931,0.425653823199075,4.79878964348974,0
"MUS","Africa","Sub-Saharan Africa",2003,NA,0.176445451359694,2.98777030178638,3.62486230609383,1.08109721368214,NA,NA,NA,NA,NA,1.92054087441513,1.27577732874422,2.62490639529449,1.71671392157353,0.594780503095101,4.60015126081679,0
"MUS","Africa","Sub-Saharan Africa",2004,NA,0.163210269403611,2.71676542832433,3.59581392765841,1.00446047734808,NA,NA,NA,NA,NA,2.066359534749,1.09419171531081,2.69225477158289,1.88933224286263,0.531928896194448,4.93664743510397,0
"MUS","Africa","Sub-Saharan Africa",2005,NA,0.146663234497654,2.36777809389098,3.59387472811002,1.106103991324,NA,NA,NA,NA,NA,2.05418597836837,0.975653274048192,2.34040696142076,1.81224918587565,0.418272936597027,5.10273967967681,0
"MUS","Africa","Sub-Saharan Africa",2006,NA,0.156279445416611,2.70951675864854,3.41504015793961,1.15479876160991,NA,NA,NA,NA,NA,1.96087405213802,0.788576300085251,2.30744380131915,1.7898775070669,0.376856463409162,5.36640193834971,0
"MUS","Africa","Sub-Saharan Africa",2007,NA,0.131930050037028,2.16753980040045,3.05429624898613,1.04889679520083,NA,NA,NA,NA,NA,1.7906359835587,0.587317944759434,2.67472797018937,1.57497129825909,0.309939618590108,5.07979671722614,0
"MUS","Africa","Sub-Saharan Africa",2008,NA,0.137834471986322,2.70662857866556,2.9428961421827,0.195529350510459,NA,NA,NA,NA,NA,1.7207145721784,1.22218157000429,2.80660958157141,1.45577546841909,0.281860589472795,4.74698684978927,0
"MUS","Africa","Sub-Saharan Africa",2009,NA,0,2.66201894733956,3.59687547128422,0.835115644579717,NA,NA,NA,NA,NA,2.09877431826595,0.64413413948642,2.76467322008802,1.92996887810362,0.324963325518584,4.67181480415141,0
"MUS","Africa","Sub-Saharan Africa",2010,NA,0,3.32449010738512,3.74016502303893,0.960004156424436,NA,NA,NA,NA,NA,2.63721883249934,0.809853323678306,2.41608406368422,2.00940391028618,0.31946018437639,5.1116876706813,0
"MUS","Africa","Sub-Saharan Africa",2011,NA,0,3.10061787949082,3.58025326103065,0.884387277065874,NA,NA,NA,NA,NA,2.33484652817053,0.940489404107704,1.92970146409918,2.2610518165899,0.304584647675618,5.05360701896585,0
"MUS","Africa","Sub-Saharan Africa",2012,NA,0,3.23687272561344,3.59678192126487,0.897263321203272,NA,NA,NA,NA,NA,2.30992117361198,0.9748063563044,1.88530247202291,2.10706585596788,0.2790009240141,5.00730085214634,0
"MUS","Africa","Sub-Saharan Africa",2013,NA,0,3.4109310762439,3.81578020231097,0.550944287950762,NA,NA,NA,NA,NA,2.43149729992454,1.34010102122198,1.70574145334146,2.68428585622333,0.313885450205023,5.27769154960969,2.68530627260692e-08
"MUS","Africa","Sub-Saharan Africa",2014,NA,0,2.74879993470421,3.95728226658029,0.541547000219353,NA,NA,NA,NA,NA,2.50766460406772,1.626885543613,1.73870459264096,2.41099621998561,0.297810040248736,5.45561671368304,0
"MUS","Africa","Sub-Saharan Africa",2015,NA,NA,1.33393348995957,1.89727563046942,0.280951370235647,NA,NA,NA,NA,NA,1.13414964393147,0.299907536844982,NA,1.28704320395811,0.131766095054075,2.15657500859981,NA
"MUS","Africa","Sub-Saharan Africa",2016,NA,NA,2.40264579715478,3.76112198544041,0.611979115154164,NA,NA,NA,NA,NA,2.31895207755914,0.686068335767599,NA,2.30527066346187,0.272535507688061,5.49787701401907,NA
"MUS","Africa","Sub-Saharan Africa",2017,NA,0,3.79133485621851,3.98146591717399,0.548334845288711,NA,NA,NA,NA,NA,2.52019935951384,0.630883236968948,NA,2.4281416064617,0.303792421278131,5.81570423158056,NA
"MUS","Africa","Sub-Saharan Africa",2018,-8.24418299509015e-07,0,3.4671361516903,3.84008314368243,0.507191380736613,1.97788301329071,0,0.117669211422382,0,0.863153787562137,2.43141466510551,0.813686127571071,1.56655358397591,2.22178959984348,0.292233997050704,6.81164750839132,6.75054314103129e-06
"JPN","Asia","East Asia & Pacific",2005,0.113578063884179,0.835646836899573,3.68053598619739,3.26953335690242,1.30152104552109,0.686562511149367,0.278402672299335,0.036593772304696,0.047964934084466,0.960080926039941,6.10526452355882,0.842915985621204,2.26988231419932,1.21467284347157,0.36278966651397,13.0461949631477,0
"JPN","Asia","East Asia & Pacific",2006,0.125816196752314,0.822977237498427,3.49618708027658,3.24489632073507,1.19349825016982,0.634167533879176,0.226769032855128,0.0140639314818924,0.0323223688443491,0.929567033992769,6.06293998421272,0.807432892176336,2.33578936520044,1.2192916143856,0.34505030275412,13.0851881368745,0
"JPN","Asia","East Asia & Pacific",2007,0.0722039721776786,0.815383903573561,3.32347040991318,3.25262061486413,1.13171591921732,0.636764178704737,0.173541560636478,0.0385940481658235,0.0727305966165884,0.904251777639602,6.1477760838025,0.779347745539585,2.34951612618072,1.20785076667114,0.336287320275304,13.3895956314246,0
"JPN","Asia","East Asia & Pacific",2008,0.0732261385627512,0.813803002290885,3.93640906160502,3.30015015871425,1.12702574552678,0.729649595739095,0.212726445544085,0.0170918602991997,0.0578818729683011,0.908883676831715,6.37151904580561,0.751350497017855,2.3671458340895,1.21219698196156,0.331620498479305,14.0279234906879,0
"JPN","Asia","East Asia & Pacific",2009,0.0639426681457239,0.899364863401709,4.27950096118292,3.60170867883825,1.39090624942544,0.871765328365009,0.201981201264144,0.0424718233466326,0.0713992412681486,0.912132968063395,7.08897428197287,0.890233114947671,2.40310030010153,1.31023225693104,0.365331225063892,15.8465253390698,0
"JPN","Asia","East Asia & Pacific",2010,0.0673723004113088,0.839325757363786,3.7162688816318,3.42581452331749,1.167033740112,0.619741223213965,0.193403070625997,0.038232931084792,0.0740076026173469,1.14003285673743,7.17474028387901,0.79353817497212,2.34302114103215,1.22121537951131,0.344935785463892,15.9855422360968,0
"JPN","Asia","East Asia & Pacific",2011,0.0700028733737559,0.86577681618792,3.97905286112325,3.44727521955262,1.20571809517298,0.644209582090986,0.190920627323424,0.0261086298077119,0.0764944188988222,0.974810361402044,7.55719682447431,0.719910363762606,2.3835774887039,1.28477657280584,0.343421072981251,16.6799753524767,0
"JPN","Asia","East Asia & Pacific",2012,0.0523479711676022,0.888965932603048,4.01317609142287,3.42193293115706,1.09617580998434,0.614841165022181,0.195976580596581,0.0338413167525024,0.0701070860484676,0.949415616020055,7.65799702640896,0.645308451985031,2.32464591375697,1.2687968310789,0.3394233560848,16.6631007010507,0
"JPN","Asia","East Asia & Pacific",2013,0.0696774783350938,0.869875421199959,4.13943047704032,3.41437530245411,1.11541599302828,0.593888215940562,0.236517874976027,0.0337854287420592,0.0863118335451547,0.963083456964816,7.68097810803586,0.728632455276539,2.27423632509929,1.26498607344753,0.350374769836767,16.5423396011928,0
"JPN","Asia","East Asia & Pacific",2014,0.0607150363122621,0.897843059415112,3.78583549338751,3.39539110602558,1.16932878748959,0.609349337194187,0.23040577882602,0.0325954121227689,0.0671951988417439,0.938455969922705,7.6648452155773,0.743272696136811,2.20704994979334,1.30054721372471,0.374740209700395,16.3370151554071,0
"JPN","Asia","East Asia & Pacific",2015,0.0504404315442413,0.884627299791952,3.61889393167731,3.26419230000463,1.14678579642618,0.59182812310025,0.234077480267063,0.0186140249243488,0.0593992544603081,0.969209127911288,7.66397186779036,0.683336100028646,2.10184148981461,1.26479382097185,0.368855066195538,16.0617955513798,0
"JPN","Asia","East Asia & Pacific",2016,0.0523893792101107,0.847204173985725,3.55133944604948,3.19157292207919,1.17499228058916,0.594268698931783,0.214688243080749,0.0298514981254192,0.0561581308484449,0.932336915202155,7.58953816933822,0.679737269502124,2.0120842595849,1.2432402681784,0.375979618889655,16.2265280935247,0
"JPN","Asia","East Asia & Pacific",2017,0.054778567821132,0.892307280247777,3.52004581880475,3.13936595917437,1.15099200390678,0.571946218673621,0.223755589991409,0.0334248327428341,0.0599702405248763,0.912670378131721,7.60860731636934,0.644152663062093,1.87700065143568,1.21279675775453,0.37886369144073,16.1391126128845,0
"JPN","Asia","East Asia & Pacific",2018,0.0500547952466524,0.921387104351042,3.56522018690949,3.13039192194293,1.12818189708585,0.585193015607424,0.21564727835703,0.0186703657670374,0.0636613935178494,0.939583880352282,7.63359306999739,0.658016549594366,1.79452269756366,1.23415671467865,0.386030304098364,16.0704125977792,0
"SOM","Africa","Sub-Saharan Africa",2017,0.00619914808352649,NA,NA,NA,NA,2.88899016858776,0,0.0562521400504671,0,0.122610999777382,NA,NA,0,NA,NA,NA,0.309765760433138
"SOM","Africa","Sub-Saharan Africa",2018,0.0134654887380818,1.86418220041242,0.553345869550884,0.230991210620937,0.156178875312992,2.80614930634491,0,0.0503078839350242,0,0.140550149775785,0.0459797775234542,0.122955029184564,0,1.30896598529442,0.144759442714992,0.0304095304685961,0.225096612318559
"MDA","Europe","Europe & Central Asia",2002,NA,0.409293343403875,0.946398507040368,5.34482435533454,0.0775736481180629,NA,NA,NA,NA,NA,3.21339602370966,0.534888773690263,NA,2.06715302318419,0.54079914688021,7.88480723371454,0
"MDA","Europe","Europe & Central Asia",2003,NA,0.351458084444552,0.873365797825732,5.33854271444703,0.107398350268035,NA,NA,NA,NA,NA,3.00564540370907,0.686625407893391,1.77418454473683,1.85503498819704,0.574400165478478,7.698289612752,0
"MDA","Europe","Europe & Central Asia",2004,NA,0.355063387357638,1.190827976061,4.97947137303096,0.128499130662764,NA,NA,NA,NA,NA,5.15167061290697,0.929927919270004,2.0221705299035,1.66320534708039,0.444544563365717,9.64575863003365,0
"MDA","Europe","Europe & Central Asia",2005,NA,0.346544883890034,3.38600464138021,6.04970883511223,0.119940821882758,NA,NA,NA,NA,NA,3.4743005600725,1.623405662974,1.07880351785691,1.92547064797394,0.705703470450395,9.45917053759866,0
"MDA","Europe","Europe & Central Asia",2006,NA,0.402135677260903,3.00931531816909,6.71305937531186,0.202184882178398,NA,NA,NA,NA,NA,5.79633897029673,1.8831492479139,0.846160487569816,2.19461822386644,0.906294665234293,10.9289678991883,0
"MDA","Europe","Europe & Central Asia",2007,NA,0.43025337556534,4.66354737088855,6.65699749769237,0.203352809618414,NA,NA,NA,NA,NA,4.09918094603499,1.17832348886253,0.989005765797531,1.9794150402504,0.884210452865342,10.4620654077302,0
"MDA","Europe","Europe & Central Asia",2008,NA,0.507037711140474,3.79304993416237,6.87288359457113,0.124342755487309,NA,NA,NA,NA,NA,4.49024333953051,0.832262213245724,0.969582167921272,1.82885814274251,0.849079604030483,10.4532663665262,0
"MDA","Europe","Europe & Central Asia",2009,NA,0.343598399712091,2.84420055748837,7.81231353438486,0.173729527944316,NA,NA,NA,NA,NA,5.3039900642555,0.743589955717217,1.15985141989491,2.09868027368288,0.807290782630133,12.5344475606046,0
"MDA","Europe","Europe & Central Asia",2010,NA,0.275165414643031,2.74643828979217,7.63218915669742,0.147898512672497,NA,NA,NA,NA,NA,4.63446248487235,0.969569795066957,0.642709445743727,1.5173506499966,0.691390774366336,11.9295913948208,0
"MDA","Europe","Europe & Central Asia",2011,NA,0.272848357932721,2.8586813486413,6.95434274819986,0.223239565581317,NA,NA,NA,NA,NA,4.31252269183755,0.787969858920359,0.681665303881637,1.91003974796242,0.760330674610291,11.2030827070142,0
"MDA","Europe","Europe & Central Asia",2012,NA,0.273985112080765,3.60209838529712,7.0062448972293,0.27597600735886,NA,NA,NA,NA,NA,4.50302590090387,0.769149209104237,0.654340914734062,1.9090789626195,0.807829460221522,11.0296546451863,0
"MDA","Europe","Europe & Central Asia",2013,0.283520338766311,0.281261545863777,3.87039980899517,5.90975516399853,0.326855698896423,1.74587959566661,0,0.669773925099761,0,0,4.37277208231819,0.980818073678441,0.440799251979845,2.04328732783369,0.85348908117259,10.6216808176825,0
"MDA","Europe","Europe & Central Asia",2014,0.0767146735334633,0.306633944113736,4.62071058027046,5.86118085797269,0.433617705480162,1.48394946616293,0,0.656120225396554,0.205046935020595,0.0901996747405174,4.41281681166171,1.12172735040678,0.467480041844542,2.10223677150636,0.887687662791022,10.5969634485433,0
"MDA","Europe","Europe & Central Asia",2015,0.273200719620219,0.315257987607962,3.61390625446394,5.80568681422976,0.308740140203663,1.46617262136717,0,0.60945303676203,0,0.0349219403030365,4.42932326920184,0.71044536706865,0.75414924913748,2.0604630867992,0.765949983385265,10.7829895278331,0
"MDA","Europe","Europe & Central Asia",2016,0.119703088868893,0.341013890575071,2.86068618198679,5.32209260624518,0.107328587733875,1.44688388145528,0,0.125361780342696,0.017535725226508,0.358673982647157,4.0453425695407,0.711875824088879,1.12663925409175,2.08289592974153,0.732023253072526,10.7376468969423,0
"MDA","Europe","Europe & Central Asia",2017,0.108619763761239,0.317697435643397,3.03268840158695,5.41214883634421,0.0820098782489641,1.61207829520476,0,0.110855888594203,0.0167709362472319,0.231215307728504,4.06343014334182,0.735293748199471,1.09525394318589,2.25932462810626,0.745412213068634,10.656923728941,0
"MDA","Europe","Europe & Central Asia",2018,0.0986863344645121,0.335721411745218,3.45256045963444,5.45989582126479,0.0602242358392633,1.64144964458609,0,0.119822223125605,0.0168043361700544,0.224249169325229,4.07009372019423,0.795022537933568,0.796275035039411,2.2838240977451,0.792778480618933,10.9609152975047,0
"KGZ","Asia","Europe & Central Asia",2014,0,NA,4.78202568543577,6.4675687681872,0.166182673062237,1.71507434600967,0,0.429005675153608,0.064987247126236,0.285779173134611,3.73766515096308,1.83205338737291,0.767618182453443,NA,0.828277937777955,10.575886836339,0
"KGZ","Asia","Europe & Central Asia",2015,0,NA,4.84425400486051,6.96762800663617,0.188181172405174,1.71128487716538,0,0.600711655153414,0.0707799077050445,0.282027850163093,3.53548774952415,1.91242804120148,0.819439456581277,NA,0.855584365143485,10.7541323897871,0
"KGZ","Asia","Europe & Central Asia",2016,0,NA,5.06844817219615,7.62053797861656,0.196187022811019,1.7369636924896,0,0.495999422250736,0.0659625067600023,0.261561703285445,3.37290523904376,1.70135821462042,0.902607261502081,NA,1.2433785567689,10.0462871212299,0
"KGZ","Asia","Europe & Central Asia",2017,0,NA,5.52647056605765,7.04799086103801,0.173655358583612,1.60921512000543,0,0.487128541159261,0.0521607009553684,0.243649100053537,3.33303485925848,1.75569677044767,0.869011981691915,NA,1.0699070268966,9.78755872084694,0
"KGZ","Asia","Europe & Central Asia",2018,0,NA,3.46322731839287,6.73432136694637,0.172747626021493,1.78954621977253,0,0.373748032940517,0.0504744726072775,0.248387536251603,3.17682238065399,1.71600642095602,1.04580414791749,NA,0.849270695924868,10.2525285251671,0
"GBR","Europe","Europe & Central Asia",1995,0.00992279123392272,2.78700492359451,2.28306888307172,4.392843304951,0.493540735420585,1.2329068108149,0.148841868508841,0.01393915911432,0.00224444087433966,0.735704092915127,5.03073702713175,0.916795032934217,3.09213075403763,1.83902397535368,0.811424440307323,14.7447952597409,0
"GBR","Europe","Europe & Central Asia",1996,0.00874443234244525,2.61414251432316,1.8837056911865,4.22267530926511,0.442424000920933,1.18348696968892,0.113566931434795,0.0138361271241222,0.0019924023058736,0.731654402323584,4.89345075224256,0.906764427206475,3.08291050128842,1.78076490538303,0.773605539763922,14.2550850534407,0
"GBR","Europe","Europe & Central Asia",1997,0.00811420586688698,2.45175472336354,1.8102055633946,4.1669081608889,0.438483254702815,1.1286122705761,0.14995473959195,0.0130670328245972,0.00179144804853349,0.62858750644131,4.68642809496361,0.796772864409512,3.12259932789084,1.72758819456812,0.702247635025128,14.0023794645256,0
"GBR","Europe","Europe & Central Asia",1998,0.00837336744555798,2.3203307379257,1.66700630928193,4.1118278354946,0.467496201719466,1.39794882762767,0.168577072307559,0.0156370114947167,0.00191679495741689,0.652315589192505,4.78835557151764,0.763792348558066,3.08079391629457,1.75941600301845,0.743212023752116,13.6549446248025,0
"GBR","Europe","Europe & Central Asia",1999,0.00853409467802218,2.15000998876991,1.85519580898369,4.40097443844687,0.544824362512825,1.20670159180261,0.139939757049841,0.0128011420170333,0.00213352366950555,0.597774540856008,5.03162463948299,0.663137947821769,2.57739357111131,1.90407289668509,0.821891504502705,13.5062715898049,0
"GBR","Europe","Europe & Central Asia",2000,0.00578331303053865,2.25751165153978,1.34273840789982,4.72946487830716,0.596323832482207,1.29922586224148,0.206638692567341,0.00761928542118584,0.00183597239064719,0.54895574480351,5.10960296179066,0.550791717194157,2.43505018171537,1.98468615428961,1.11728099832835,13.3471520855269,0
"GBR","Europe","Europe & Central Asia",2001,0.00451550011819986,2.10484282960716,2.20799101858173,4.99423166994704,0.626857663467745,0.909120690464238,0.222410515625844,0.00814560805636052,0.00185932357808229,0.619597447591423,5.39292376861869,0.713006322585558,2.12449853600403,2.0650887207234,0.878397581816878,13.7930820767405,0
"GBR","Europe","Europe & Central Asia",2002,0.00684725382854476,2.17142480362752,2.19357271107294,5.57594703437829,0.672637021157169,1.07332817112386,0.23043967822979,0.00794619580102726,0.00312775792168094,0.552176074173511,5.66766642208163,0.704506338359161,1.81756548848816,2.14192243836626,0.907979671264189,13.9962094955349,0
"GBR","Europe","Europe & Central Asia",2003,0.00894678023752104,2.26065964930219,2.47705989629723,5.64981183802813,0.708073750226665,1.06937988428298,0.224148797736465,0.0095059540023661,0.00431362618594764,0.43391884151977,5.84184808526921,0.902107046627903,1.78935604750421,2.18972446313327,0.944124960957689,14.4064729955018,0
"GBR","Europe","Europe & Central Asia",2004,0.014548457025686,2.34100669229023,2.61712269604998,5.60595466060963,0.698402107165001,1.15542169959493,0.231175743837472,0.0153863262784742,0.00327530707908115,0.584147209057519,6.21653283609602,0.902080505524605,1.83462898387787,2.36294363272687,0.890807355578,14.6931037266901,0
"GBR","Europe","Europe & Central Asia",2005,0.019009859924695,2.26591769738751,2.83815768534793,5.55721571798585,1.36827787230703,1.12402997509276,0.340881351831463,0.0164176062986003,0.00280827476160267,0.67312185824261,6.336475960808,1.07643331823586,1.95059884659115,2.3548463981716,0.919745987947461,14.58221872428,0
"GBR","Europe","Europe & Central Asia",2006,0.0145985202285009,2.27996141624747,2.88000152806941,5.65303819764213,0.856196389663156,1.20465078838831,0.352411007011383,0.0120062596271784,0.00293334752254926,0.637013934082906,6.52540210737143,1.14530166409487,1.95824823214649,2.2744358081236,0.899582646043187,14.2198455285551,0
"GBR","Europe","Europe & Central Asia",2007,0.0116125030977487,2.17834988277211,2.88768568651951,5.68337958872277,0.911159810099894,1.12076873473021,0.27870007434597,0.0116125030977487,0.00188135525047326,0.651597659853566,6.54056396542977,1.17240869263975,2.1462370948761,2.29525340557738,0.895525099225271,14.2994676413384,0
"GBR","Europe","Europe & Central Asia",2008,0.0331688395210521,2.36606498560574,4.93753623885616,5.82961344376109,0.859541358504516,1.01171290470415,0.310546424981453,0.015761528703706,0.00132928555332461,0.737247087598652,6.92772990943134,1.19110315509091,2.15369579363411,2.34410012431985,0.947654000896318,14.916482887664,0
"GBR","Europe","Europe & Central Asia",2009,0.0198411020463657,2.52951282613405,4.04517786409561,6.2609410667227,0.985549822958822,1.12346174537946,0.355058147439555,0.0191255213168247,0.00663538494665346,0.757279570235224,7.75403278530692,1.47312051095066,1.8502315554188,2.53673368622305,1.00682208646427,16.8102923927914,0
"GBR","Europe","Europe & Central Asia",2010,0.00711826269035053,2.56377144455377,3.36385157225415,6.33519080093684,0.971296393119601,1.2294436542263,0.441962221553092,0.0202209055186064,0.00359062808274319,0.686502892030443,7.70681072854474,1.24859367066759,2.86280147102363,2.44855637853031,0.980745414389977,16.9337170055926,0
"GBR","Europe","Europe & Central Asia",2011,0.0224378035032161,2.48530597502289,3.01773255354365,5.87706272734238,0.887053326571589,1.16409027172241,0.445958945508365,0.0319845112268067,0.00121614111128542,0.713996446435673,7.49167247374047,0.980696192140566,3.14670431839547,2.26980577010312,0.919220258965088,16.7235212636193,0
"GBR","Europe","Europe & Central Asia",2012,0.0162887884151304,2.38152709752086,3.58725154433649,5.65799328028461,0.830964278568971,1.14936287820531,0.429646303123729,0.0259086163559502,0.000944277589282922,0.693276802581655,7.44610093029048,0.789888203435164,2.85679381167682,2.21787198782826,0.881660181643598,17.0964408407139,0
"GBR","Europe","Europe & Central Asia",2013,0.015385951774409,2.23357464485987,3.06089600743068,5.38105211522772,0.783434496439373,1.23570199398529,0.567463424299698,0.0288415627357926,0.000965170406512743,0.657678469943742,7.45599816504073,0.629177555586719,2.81296076241649,2.06892792845476,0.751356774105273,16.6866608340094,0
"GBR","Europe","Europe & Central Asia",2014,0.0161579356881627,2.13333550218376,3.00960529633275,5.42152963598557,0.810987396267951,1.11066830414874,0.565798855389187,0.0257550988318029,0.000975982692573585,0.62148409012658,7.55920283902521,0.612049590765035,2.64133449366831,1.94057892040048,0.718485925516254,16.2913199894811,0
"GBR","Europe","Europe & Central Asia",2015,0.00849228230878255,2.05423561810892,3.05173593327281,5.28462596243668,0.783927327162275,1.08084072539915,0.482161196177524,0.0227339979818961,0.0151384162895689,0.609703672094519,7.6100343963807,0.668938659875654,2.30051180506362,1.8971020218489,0.692622105569091,16.1953098337992,0
"GBR","Europe","Europe & Central Asia",2016,0.00934235886437535,1.93544226929959,3.11775840253787,5.16043470401985,0.738198671354094,0.974245553748012,0.475546375672497,0.024980655224308,0.00964700100125716,0.609436594832051,7.65946492655078,0.604105357436619,2.43967577952845,1.82749740546447,0.644419666883978,15.817933673314,0
"GBR","Europe","Europe & Central Asia",2017,0.00853813055923779,1.90815020669594,3.2496124908459,4.99324511899471,0.719886379437449,0.956709726491965,0.443250949318145,0.0261510741700083,0.0129779584500414,0.57088380384938,7.54565826303199,0.66675481270025,2.70195240211765,1.83701538180812,0.65670421329909,15.2526140096574,0
"GBR","Europe","Europe & Central Asia",2018,0.0109551575181657,1.88683700047787,3.28239185087386,4.90101637418285,0.684414021846095,1.08106627681416,0.502473410132765,0.0348487338293375,0.012182890688305,0.58997300875846,7.59759062087411,0.81323156369763,2.46722424640794,1.83361948960299,0.602108678940221,15.1374777827517,0
"PRT","Europe","Europe & Central Asia",1995,0.246056885090858,1.70841504864729,4.83585162520808,5.534786574202,0.519568992436139,2.90905282122823,0.0207607443001462,0.0224051596902568,0.0394794481773273,0.52054732973449,5.44862212817005,0.671300009210523,4.62725573579726,1.5611679842208,1.06257652035413,11.9263360313427,NA
"PRT","Europe","Europe & Central Asia",1996,0.260743072447179,1.7056867140427,5.10481974319433,5.78209567415462,0.561756834814497,2.80818322973138,0.0261193515736369,0.0269343889604299,0.0533155275750783,0.522987975813845,5.69391265639656,0.773094227436766,4.21269508168922,1.58693290514724,1.13842387243446,12.2319242407381,NA
"PRT","Europe","Europe & Central Asia",1997,0.230734577009899,1.53361737889789,5.52624620105344,5.99880485874271,0.596897323391739,2.50149319365588,0.0252171873625783,0.0318583811357262,0.0434452902834918,0.556619206301121,5.77633561677302,0.995419765271521,3.40961292277023,1.63811357262218,1.202092230116,11.90934320978,NA
"PRT","Europe","Europe & Central Asia",1998,0.275315347353561,1.46608725014234,5.79538568198187,6.045521735304,0.631019798227984,2.31098107466858,0.0348233641720863,0.0413449432168214,0.055437912088899,0.491087833869464,6.08506251268484,0.979168125984478,2.7724173666902,1.79994324376265,1.22454545617826,12.2780382098795,NA
"PRT","Europe","Europe & Central Asia",1999,0.302842814537726,1.45129189579217,5.26594751148171,6.36691796965468,0.693787713215271,2.47768079977726,0.0283595853960551,0.0412973555077494,0.053184151273418,0.502865723604616,6.08838886552461,1.01207073717866,2.67729569334625,1.6777680883387,1.40690432454623,12.1502834788003,NA
"PRT","Europe","Europe & Central Asia",2000,0.313501445320774,1.56275931671214,5.13732961412427,6.28896058385975,0.669721620005233,2.2826941526807,0.0448057227226853,0.0426424139348858,0.0529216349568273,0.461472389389352,6.27380340522558,1.03133604953962,2.6124017244172,1.7344036182858,1.28291531167844,12.3854326306084,NA
"PRT","Europe","Europe & Central Asia",2001,0.304086908488308,1.41999926348739,5.71893573927454,6.39271294420917,0.671726753820659,2.55441944393298,0.0226418707420365,0.0496571533787516,0.0493956914012152,0.434457742588842,6.48912760081016,1.02993850119683,2.57578493831707,1.74028944945682,1.37970244890444,12.8099200883815,NA
"PRT","Europe","Europe & Central Asia",2002,0.277736974612481,1.34230395014391,5.08863219138251,6.55161226283599,0.649218578464487,2.3732942464731,0.0374187239529078,0.0218155467776139,0.044463758722115,0.387805208260992,6.55867764073058,0.919126255749564,2.60650362703896,1.82418979995693,1.33835036894713,13.4042529758836,NA
"PRT","Europe","Europe & Central Asia",2003,0.259527247259665,1.31655483511435,5.09682688667394,6.47936131073289,0.603686367778273,2.9281553305004,0.033366673992027,0.0368301317401017,0.0617774336455854,0.303449970869712,7.04689873682034,0.749877967712276,2.52127537946393,1.98692320489307,1.23978642809269,14.4052635794723,NA
"PRT","Europe","Europe & Central Asia",2004,0.267086901520018,1.34033899908176,5.35675429988663,6.60185670503822,0.562616175429332,3.10411617345887,0.030810873297681,0.0404490824850474,0.0867057869978102,0.269041604432762,7.32713490208751,0.6933724011187,2.4404669480493,1.92606218004548,1.18851717130317,14.7095965666589,NA
"PRT","Europe","Europe & Central Asia",2005,0.263997396449256,1.34031650044433,5.1629281620559,6.64499753078945,0.605861016557902,3.30619156911235,0.0298046012461472,0.0423941061867758,0.0572484732205759,0.308260281912575,7.39491222792169,0.642002312164977,2.44719579042173,1.96248061370131,1.19671755826296,15.0845334075043,NA
"PRT","Europe","Europe & Central Asia",2006,0.277282503831339,1.28886674156925,4.3621072726879,6.36418533818035,0.653282441278861,3.08269076701367,0.00753456625871224,0.0642395904256215,0.0553312755172007,0.263892063293484,7.0937866142509,0.70546684598377,2.65009046050653,1.86687088446798,1.11731296207636,15.1132699067246,NA
"PRT","Europe","Europe & Central Asia",2007,0.328814194855009,1.17332133599038,4.17161006204009,5.87503597208395,0.615091578514879,3.21540853175202,0.00868572678995665,0.0785573328060277,0.0460630726684534,0.30687649480036,7.11958744792239,0.694651855760634,2.73999064298426,1.81099967917175,1.08703392288611,14.8722020841869,NA
"PRT","Europe","Europe & Central Asia",2008,0.450702054909248,1.18307418979491,3.88978843435167,5.9656270030396,0.652071882739968,3.2764267225303,0.0106737583108695,0.063150324841376,0.0639660574820718,0.260244954294405,7.30170382595917,0.762461000051367,2.90014003131163,1.83164584808278,1.13438371706082,15.1998254633652,NA
"PRT","Europe","Europe & Central Asia",2009,0.503005703568364,1.43620697026791,4.75191216333697,6.50380323401732,0.613323718122297,3.55525335415996,0.0114687044833297,0.0389256426846961,0.0619006763901913,0.240695145553582,8.03183508962954,0.819919448854583,2.92929000407601,2.05538019513558,1.22145978285965,17.1770414983767,NA
"PRT","Europe","Europe & Central Asia",2010,0.577027105274293,1.90436543904932,6.38998601420405,6.72898678698608,0.741011676357992,3.383143441263,0.00849002398519465,0.0294275177216515,0.0438726401753124,0.310593238268523,7.47823683208359,0.560949564280099,3.15419562743443,1.99552365447957,1.20123288800005,17.3631117950591,NA
"PRT","Europe","Europe & Central Asia",2011,0.597303972092511,1.23873101107861,4.51511419049031,6.13007215946293,0.712172501264934,3.41703251803987,0.00905528288247156,0.0284395849766122,0.0391996188444832,0.32343248941913,6.95577869129413,0.440766149846589,4.55902714483739,1.97630498347209,1.15656678370503,17.9502691996018,NA
"PRT","Europe","Europe & Central Asia",2012,0.582216053182614,1.11309921352668,4.01384231079125,5.38054411404695,0.6299790368851,3.29437014396098,0.00572266892301403,0.034106061002189,0.0328849952108076,0.245113954256677,6.62498247131832,0.458279955031504,5.04605170901675,1.85636166364421,1.062463308607,18.463963407243,NA
"PRT","Europe","Europe & Central Asia",2013,0.563689973095559,1.10189023199288,3.75859789562344,5.47199257679086,0.66298595303131,3.49068433002546,0.00389695018484706,0.0288675793569563,0.0331170381301678,0.255280737018622,6.49498247134915,0.486004939812531,5.0026963094521,2.04995592176304,1.03294811554539,19.4256426829833,NA
"PRT","Europe","Europe & Central Asia",2014,0.580245900549945,1.04973022824707,6.99497785947368,5.30950508425997,0.595454474535939,3.18585907149053,0.00239232099631502,0.0343413634033829,0.0340980863165595,0.248321763706872,6.29156903319605,0.491466521663507,5.06107641732017,1.90006165716191,0.899100683776192,19.0050689468067,NA
"PRT","Europe","Europe & Central Asia",2015,0.473974907783573,1.0211592810986,4.94719082804759,5.0827608004091,0.603459068927084,3.21150990105897,0.00282116328748433,0.0448704073325762,0.0311730196630073,0.253328221481906,6.15807083623843,0.476146146274256,4.71538969613234,1.85377860601147,0.834181258906557,18.4976459701602,NA
"PRT","Europe","Europe & Central Asia",2016,0.541934196937312,0.853884233883033,3.16760755816136,4.77090596912003,0.568907253908793,3.11004194331272,0.00214757053736987,0.0324779156822518,0.0253912010201094,0.230932737340058,6.1063859792868,0.41961490655253,4.25884311099052,1.78249051690763,0.841142518250328,18.0539316359393,NA
"PRT","Europe","Europe & Central Asia",2017,0.517843828417131,0.877833989036848,5.27099531353583,4.58314608060433,0.605006550230598,2.8948584644953,0.00258998210233058,0.035062488740595,0.0223754039989324,0.230684985197551,6.2469015903766,0.440814443475363,3.87876025849808,1.702966052607,0.839080712007769,17.2011397962615,NA
"PRT","Europe","Europe & Central Asia",2018,0.523762347587816,0.828105589072081,3.78689293223362,4.54430025880828,0.643756305294707,3.05097400097403,0.00340271344081618,0.0342811853684303,0.0226306437445346,0.22304006795618,6.30313968732114,0.457799830403818,3.47538623838318,1.63960222878221,0.815064633408878,17.0854366513141,NA
"SVN","Europe","Europe & Central Asia",1995,0.661408226649496,1.10711309749261,6.24715930611317,6.26401408984168,0.623437618362245,7.0223846678282,0.0152450571926369,0.597113855010984,0.0674191349140217,0.4700401484736,6.65820771153701,0.658662222558897,2.35862813423226,1.63908037269904,1.29308385728354,17.4198924323915,0
"SVN","Europe","Europe & Central Asia",1996,0.579388012150848,1.09036576029241,4.47877306068015,6.08373877322533,0.569591596486462,1.65872251446824,0.0138302338791336,0.506779284285397,0.0671754216986491,0.478624879602875,6.57092522618195,0.614457533772937,2.26914623002643,1.71396112716406,1.18199105974167,17.2691873914368,0
"SVN","Europe","Europe & Central Asia",1997,0.535756874932244,1.03573880677917,4.38998301593611,6.07386260976403,0.561124561847288,1.70621183102663,0.0140931593972464,0.500487840132982,0.0668521663715535,0.457919271492068,6.56748455172912,0.613666750984714,2.46630289451812,1.67564051602645,1.17009359303292,17.5351425577277,0
"SVN","Europe","Europe & Central Asia",1998,0.570291431623653,0.983076903034172,5.25058950741933,6.04652223192069,0.603903125366407,1.55271694524421,0.0160893185163955,0.538568767180396,0.0658554697169062,0.52482445055303,6.69172344611055,0.678617491108535,2.25940932007973,1.67836996313136,1.22233223465652,17.5339699579202,0
"SVN","Europe","Europe & Central Asia",1999,0.606039497056877,1.08756225836787,5.5630246247083,6.1751593465919,0.635122426944377,1.65708845622468,0.0172988285558381,0.484367199563466,0.0278058351619008,0.525582529344154,6.56339614317393,0.660954570257625,2.47303588636179,1.69209246165813,1.30757084973239,17.5421151010646,0
"SVN","Europe","Europe & Central Asia",2000,0.629286430348325,1.12225575634776,5.44891821504156,6.13050373678599,0.626581304931285,1.84510770112077,0.0146925439317672,0.510473078697933,0.0231792119067952,0.515936371206857,6.62607210485278,0.640266057041017,2.46946125570861,1.8042125698161,1.28668494836393,17.8400899586805,0
"SVN","Europe","Europe & Central Asia",2001,0.667306610175102,1.24703868505795,5.34020248064801,6.40301309362247,0.757907479300349,2.6538110527386,0.00841699097301361,0.525683644084227,0,0.581008809468642,6.69354114158986,0.642528501917466,2.40546253256855,1.85500078022669,1.25469909257271,17.6758701891932,0
"SVN","Europe","Europe & Central Asia",2002,0.648276330652353,1.18168383683106,4.73875304689026,6.42199536278165,0.810748834325607,1.90711974384889,0.00581775562029165,0.555489498314125,0,0.538078696822741,6.71938034532839,0.563090799453046,2.28943546537798,1.86006811445266,1.3105662332368,17.7107768614695,0
"SVN","Europe","Europe & Central Asia",2003,0.587780567127235,1.27371326615469,4.98756505409299,6.31527370545771,0.866815287370234,1.96597080423061,0.0096434274380888,0.553306290091476,0,0.590201184540844,6.64365778716526,0.536830474792393,2.04058047967267,1.88452874092757,1.27367422393834,17.6251400639512,0
"SVN","Europe","Europe & Central Asia",2004,0.467493358235426,1.42014318703354,4.53543842885168,6.3705923657712,0.908998776612302,2.3057238618513,0.00452436278874483,0.474442779478938,0.00231647374783735,0.746121716217488,6.4799733605519,0.544371330741778,1.76594928370288,1.83276507336707,1.28093759274944,17.4875308561542,0
"SVN","Europe","Europe & Central Asia",2005,0.516940536381622,1.30011403605188,4.14703094086612,6.50977550010991,0.847576390415476,2.70701665201143,0.00903357880852935,0.445187129039349,0.0098922840184656,0.541293416135414,6.4331789953836,0.543560397889646,1.61168663442515,1.78177896240932,1.30062925917784,17.688915146186,0
"SVN","Europe","Europe & Central Asia",2006,0.399519547001459,1.43942066011446,4.3496566604068,6.3483983311249,0.8238243677372,2.57636565269476,0.0137590045217237,0.419443093964786,0.018525403316778,0.518679516877818,6.32265977763161,0.61203738127695,1.46175918246728,1.78762198008916,1.29785861590134,17.1496299685735,0
"SVN","Europe","Europe & Central Asia",2007,0.487747159536402,1.38423596162345,4.17677163670577,5.89510599170314,0.750965828902163,2.52726417380644,0.0100075555618915,0.372760061014726,0.0150255891199909,0.782613654183358,5.93624816456869,0.589904058619756,1.27030379061115,1.68779848033416,1.23144254209018,16.2915876659016,0
"SVN","Europe","Europe & Central Asia",2008,0.485581017621296,1.41215587319417,4.80784797643814,6.05048819138473,0.774197971296509,2.55262262792776,0.0137637538661119,0.372913354269005,0.0158731414317995,0.602520190794105,6.17974091447224,0.793261561421411,1.12904969453431,1.70599356109446,1.65341707601969,16.5031363956367,0
"SVN","Europe","Europe & Central Asia",2009,0.557138483349837,1.53645438271792,4.93497430692127,6.62655254875893,0.887080091242839,2.63128570207062,0.0139015691672022,0.389878333687309,0.014508383694342,0.596664175049442,6.93346278709912,0.794016808762402,1.45657552496352,1.83169723264993,1.76511312953559,18.391693260773,0
"SVN","Europe","Europe & Central Asia",2010,0.538611095069561,1.49945412895756,5.18981737382404,6.49955037825976,0.662882694100468,2.24480872513674,0.0163348815721086,0.397014621643993,0.0152348895470508,0.472171576756069,6.86139275490253,0.695112460434662,1.74565984396613,1.87845638119124,2.22096639799361,19.2385030208531,0
"SVN","Europe","Europe & Central Asia",2011,0.547754097564398,1.15749110867653,5.82553037621497,6.41311328544521,0.794714317324454,2.22010545460433,0.0310049489187395,0.378697522302515,0.0148683436503268,0.519474561910056,6.99349138931314,0.63556097639954,2.02096139627509,1.82308559956393,1.87273669269751,19.607837317114,0
"SVN","Europe","Europe & Central Asia",2012,0.564941674275169,1.07033014925538,4.58405165874555,6.40846488457602,0.758496467907749,2.16278242256567,0.0308937393285577,0.38470980572803,0.0136815131312184,0.462413076878519,6.92932781291634,0.753641737441833,2.14049479633578,1.73506963504012,1.85354160862597,19.501672951152,0
"SVN","Europe","Europe & Central Asia",2013,0.517524681587632,0.957774528656427,15.1853690785449,6.45740008723251,0.747209519864598,2.24187544404912,0.0749431479962583,0.325311417308795,0.0119327486743676,0.324982238035019,6.78753946722335,0.735496224039414,2.76269191837451,1.80749596069599,1.77142339861141,19.55840600423,0
"SVN","Europe","Europe & Central Asia",2014,0.480333100389804,0.864982210377236,6.3424323024475,5.98451412674077,0.983278551746678,2.68441288930577,0.0527710094249129,0.341045269873493,0.00844973866924587,0.277007942222919,6.48958529851758,0.879569966759047,3.37553774083748,1.64730046792421,1.63730958195051,18.793733376202,0
"SVN","Europe","Europe & Central Asia",2015,0.469363697667595,0.854382975656713,5.92336162830802,5.5817628678647,1.03946711416997,2.20016163654427,0.0329707664351935,0.284485465580167,0.00836494854913185,0.297122972465163,6.67105933708426,0.571956574334794,3.34760093275611,1.56311289334562,1.58244235906992,18.2829205767439,0
"SVN","Europe","Europe & Central Asia",2016,0.467193174555202,0.936442504446746,4.66222074685507,5.55761446344255,0.564402253348065,2.32008640807004,0.0453840551346906,0.289595853998107,0.0122378401946163,0.335277184603112,6.71252966561464,0.399315275500042,3.12089697918576,1.70554369206225,1.43589006753108,17.6672546114857,0
"SVN","Europe","Europe & Central Asia",2017,0.447669184476273,0.893919338592275,4.28926352324302,5.42890774209007,0.452996364025487,2.02979498500713,0.0278920885567996,0.290156814486206,0.00904922639582573,0.45481086186321,6.63761919273456,0.482935578347923,2.57316729902692,1.60545838170056,1.37990234279586,17.0583035375729,0
"SVN","Europe","Europe & Central Asia",2018,0.407257817759011,0.968357418238086,4.67703934887706,5.40157535384266,0.531878622570747,2.13612560867931,0.0459405352006784,0.290111638560326,0.00780246006976317,0.415431823546382,6.559923767561,0.437506010298373,2.04575257677883,1.54289823144238,1.41399372306294,16.6654427513616,0
"HRV","Europe","Europe & Central Asia",2002,0.128964539007092,1.57478581560284,8.81342505910166,3.72061229314421,0.845494089834515,2.49102033096927,0.000518203309692671,0.0465513002364066,0.0484193853427896,0.925693617021277,3.85202222222222,3.96421796690307,1.70693569739953,2.53951631205674,2.01363593380615,17.9527579196217,0
"HRV","Europe","Europe & Central Asia",2003,0.120777298813488,1.40239711588928,10.4799235091161,3.70845400652194,0.865475852456054,2.58007666296688,0.000546793663904735,0.0462937628524474,0.0468323825748776,0.934215688805142,3.74461466319059,4.0403435636664,1.72109952419056,3.10620832365367,2.0011271435086,15.2748393175189,0
"HRV","Europe","Europe & Central Asia",2004,0.119791828801539,1.62178015109972,10.0625243950623,3.60170416222667,0.825675379046388,2.26781887190048,0.000248240961355029,0.0433723255229224,0.0422712052457865,0.709092723187382,3.94030842542594,3.72283138372385,1.85417679386023,2.52676253078068,2.15260992245463,15.4272693893352,0
"HRV","Europe","Europe & Central Asia",2005,0.11749957372358,1.37663115598752,9.62102469437834,3.46564990473649,0.800170139892801,2.24353171867239,0.000300246869648378,0.0508332777320612,0.0430394620762256,0.718304680144415,4.49898991022248,3.57037378881896,1.87091237980858,2.28050619398172,2.04534394946956,14.261821942486,0
"HRV","Europe","Europe & Central Asia",2006,0.114537579721773,1.34053469681929,8.69971782912003,3.41775602757795,0.937065014890463,2.67746304581367,0.00017780165086963,0.173180167806682,0.0344449052857745,0.687219018997239,3.80287984280022,3.44194453132437,1.7724580823259,2.65668439017093,2.00561486054639,14.7857275929124,0
"HRV","Europe","Europe & Central Asia",2007,0.118339272035998,1.41067415904559,9.47751107885915,3.27101447927036,0.792612129838957,2.36162326606939,0.00240835325822348,0.0487714793416878,0.0447815394729905,0.643496422823225,3.85595870508372,3.5098582464236,1.79101565770744,2.28080512061924,1.93641928791389,14.0720989515011,0
"HRV","Europe","Europe & Central Asia",2008,0.115579627835019,1.5930579239624,9.47585528642786,3.20276751335015,0.786997230761267,2.63523690938004,0.00476521859157036,0.0493629025532784,0.0517442178122726,0.667094082225973,3.71637215347851,3.38447788491124,1.89677065929737,2.28293970651246,1.95032681618064,13.8996385323897,0
"HRV","Europe","Europe & Central Asia",2009,0.123380119323892,1.52787996390709,9.19969701267779,3.61681157146004,0.860380182697734,2.7501721656049,0.00081752256561456,0.0472451994314461,0.0468752169045198,0.662450998439796,4.1854901061361,3.29382376639798,2.35586042062124,2.41349108390395,2.12245093808376,15.5815518745077,0
"HRV","Europe","Europe & Central Asia",2010,0.121736752718423,1.49511185107993,7.99927478330087,3.70002916665401,0.780894018709193,3.64640323506804,0.00107673564377793,0.0493685115588057,0.0454595722831718,0.69396462935563,4.2579501918619,2.90514396478127,2.51204248609267,2.51452468987644,2.06182510337452,15.7132535098726,0
"HRV","Europe","Europe & Central Asia",2011,0.119212545058689,1.49760956533735,7.57255513504111,3.55104272253444,0.760704025142898,4.33043508250014,0.00127423872558134,0.0464438873127928,0.0387354777570519,0.723732808723242,4.26167447384047,2.72759870926724,2.87141134909163,2.44287098070498,1.92942504813258,16.0574858901078,0
"HRV","Europe","Europe & Central Asia",2012,0.119921348382533,1.46616227261461,8.02635222140944,3.64651206374348,0.740883425123781,2.17580782647071,0.00137322943178589,0.0418244031605738,0.0322238880861843,0.733289402888528,4.78656453845828,3.1016449734906,3.27894784569532,2.43815268449275,1.96606252229269,15.7193267760091,0
"HRV","Europe","Europe & Central Asia",2013,0.0951293759512938,1.37163765691638,7.61047154030472,3.88499630784996,0.889051343490513,2.57738083397381,0.00108745121087451,0.0826520186265202,0.0376502855765029,0.705553295055533,4.51596123995961,2.77800141658001,3.36144551441446,2.38105158461052,1.85358831773588,16.0230543876305,0
"HRV","Europe","Europe & Central Asia",2014,0.111334895602424,1.26884992264054,7.27145028636573,3.84077492166035,0.76163422997928,2.5591674734369,0.00161866760764728,0.0718100908106608,0.0324571959381004,0.759034167850432,4.51706311506806,3.38287535927665,3.85556400025334,2.25486731268605,1.83632064517491,16.1767433022991,0
"HRV","Europe","Europe & Central Asia",2015,0.103342009799303,1.33205738245548,6.03209242202959,6.57057353010459,0.677126813813248,1.62167624611326,0.000454925562988787,0.0420065603505135,0.0449177895034392,0.375376012908697,6.25623616084048,1.50555833647414,3.8437617780081,2.50268185244511,1.2711103128239,16.4664659497786,0
"HRV","Europe","Europe & Central Asia",2016,0.115818265133899,1.21862688453295,6.51395941903588,6.57321508366373,0.715621878086336,1.42039664491229,0.00103914363862506,0.0615943782072993,0.0619233976666942,0.395110531753509,6.19648837189445,1.92798344656422,3.57690289087426,2.51061087756548,1.39438361505862,14.8596589696226,0
"HRV","Europe","Europe & Central Asia",2017,0.112192527116688,1.16462414055278,5.94067393789554,5.32725179273716,0.67453137221654,1.61127496294189,0.000938349533149912,0.0786682055124958,0.0512238747189874,0.421844591157471,6.54212645155644,1.93327817920261,3.15308936063144,2.37890176730244,1.40826710279454,14.655368092287,0
"HRV","Europe","Europe & Central Asia",2018,0.106780304716905,1.14538616070844,6.75686136873784,5.32170053719647,0.703992173851549,1.9249053816557,0.00156627736729204,0.0848628983465035,0.0432213977584947,0.452348761252708,6.58014677957134,1.66189886248451,2.79998795171256,2.38043384311558,1.45821653915562,14.7295224949384,-2.61919292189305e-07
"AZE","Asia","Europe & Central Asia",2008,NA,3.29768892698046,12.3905005830003,2.55000348803604,0.0244162522547662,NA,NA,NA,NA,NA,0.892688079885991,0.476615209830282,0.0814705559929442,1.37453534377087,0.365247202096808,5.60502476505586,0
"AZE","Asia","Europe & Central Asia",2009,NA,3.33328651882645,11.6405207645745,3.37373425277025,0.0308975745403986,NA,NA,NA,NA,NA,1.16202968976026,0.630310520624131,0.221058101484488,1.88868446554218,0.460935634734492,7.70192267179754,0
"AZE","Asia","Europe & Central Asia",2010,NA,2.7987754621453,11.2499705639939,2.8993288590604,0.0268456375838926,NA,NA,NA,NA,NA,1.03473448722477,0.507947721653126,0.0930177793476981,1.63499352407865,0.412575061815613,6.84705051218651,5.35437832198827e-16
"AZE","Asia","Europe & Central Asia",2011,NA,2.58976229791483,13.7517760454668,2.54848124111977,0.0232325947544257,NA,NA,NA,NA,NA,0.973272915786644,0.63899235820437,0.325640336392612,1.41603625052801,0.379785722514496,6.97496255904151,1.41884720248838e-15
"AZE","Asia","Europe & Central Asia",2012,NA,2.56577469188235,13.4923287976516,2.76579770822944,0.0230163470865141,NA,NA,NA,NA,NA,1.13784782541187,0.844663404190802,0.164767818032029,1.76294258517418,0.45429885082667,7.75669163757656,0
"AZE","Asia","Europe & Central Asia",2013,NA,2.56127324602111,15.6001856244199,2.57141383933175,0.0244061737307071,NA,NA,NA,NA,NA,1.08710597779382,0.742153930768966,0.271046027981163,1.86724416486198,0.486920353373896,7.483242239868,0
"AZE","Asia","Europe & Central Asia",2014,NA,2.57904466898589,13.6814761218082,2.74002314701063,0.0254176544249595,NA,NA,NA,NA,NA,1.16023119898465,0.76473249613228,0.142677766838772,1.94055318983091,0.51394497247268,6.29391958870846,0
"AZE","Asia","Europe & Central Asia",2015,0.198418536226554,3.13883780801765,13.1967635159985,3.07190143435086,0.00809121000367782,1.60481794777492,0,3.98032364840015,0.0141596175064362,0,1.33891136447223,0.769400514895182,0.38874586244943,2.11272526664215,0.51655020228025,6.82217727105554,0
"AZE","Asia","Europe & Central Asia",2016,0,3.44938866565605,8.80230433660129,3.09639024777742,0.0393875402977566,0.818367171312631,0.418864976863957,2.47446429635318,0.18733905721454,0,1.20648338772565,0.787916299821929,0.452460231823809,2.11732853180461,1.1545183135513,7.77486710842496,0
"AZE","Asia","Europe & Central Asia",2017,0,3.57211911660586,13.1621830651513,2.61850669199207,0.0215815678056465,0.82046922138594,0.294720619638374,2.03105584763811,0.160184139964571,0,1.04059268273958,0.427792737333269,0.443289383517824,1.89912109847052,0.375118357412373,6.61531637327298,0
"AZE","Asia","Europe & Central Asia",2018,0,3.36225840283674,9.73842581031813,2.55825800329621,0.0210320631274035,0.838688008789892,0.238600609299306,2.8532562553064,0.150077410977376,0,0.917694651151176,0.554362483144384,0.770863506966988,1.89232382759826,0.390550866503521,5.97368026769215,0
"NLD","Europe","Europe & Central Asia",1995,0.571390423824219,1.85102580208589,4.51013057318076,5.12370010954431,1.6025028296419,2.1996862359542,0.632990134942815,0.0160826831984512,0.00940685243682995,0.211805903255074,4.66731604293166,5.45476062595017,5.38557474351155,1.40920718440769,1.22319426364069,18.7275259674644,0
"NLD","Europe","Europe & Central Asia",1996,0.553935437069278,1.79760609357998,4.53217265143272,5.04200217627856,1.57765687341313,2.07907145447951,0.674066013783098,0.0174102285092492,0.00899528472977875,0.18657961552412,4.42190787087414,0.393471164309032,5.05244831338411,1.42328618063112,1.1981138919115,17.9215088864708,0
"NLD","Europe","Europe & Central Asia",1997,0.540041078889895,1.6556201665917,4.76092411244127,4.89234404383193,1.53449705456772,2.17615148247102,0.549524991464479,0.017342011564954,0.00812906792107217,0.169626550619706,4.62842030532779,0.496415081046807,4.66933661386385,1.39765774456301,1.22125697067574,16.6784086536638,0
"NLD","Europe","Europe & Central Asia",1998,0.553139147085304,1.55644885174806,4.86184202183644,4.7680036520879,1.47097985011223,2.12150800796358,0.607159613994598,0.0172459706564882,0.0081157508971709,0.155720970339467,4.55420433939056,0.610963872227647,4.36145525558275,1.41112618724559,1.22674647155049,15.9743339377877,0
"NLD","Europe","Europe & Central Asia",1999,0.556669424186869,1.62399662422311,4.86722182620947,4.80976686636835,1.44710210056287,2.1000860632386,0.574072793765303,0.0169265649324487,0.00929769059669718,0.150193463485108,4.52821372291452,0.543557296422296,4.06094516984973,1.4277915124005,1.26234030024389,15.3683673493715,0
"NLD","Europe","Europe & Central Asia",2000,0.504195731482035,1.46170302672304,4.71519246383352,4.671830303513,1.46723391451902,2.28492036627751,0.599769472596663,0.0172563699234746,0.0137166017340439,0.142918140648264,4.63952991878444,0.572336269128575,3.42804425595179,1.48493275546618,1.29090921158301,14.7831781366218,0
"NLD","Europe","Europe & Central Asia",2001,0.535194373714672,1.48480641486176,5.14919658587909,4.68725681236654,1.43666174843997,2.29724766072952,0.733791122704568,0.0178467297942853,0.0151489683137538,0.15418744461807,4.78479126589345,0.706190947557592,2.99970324623714,1.57175734258043,1.43666174843997,14.8532521514648,0
"NLD","Europe","Europe & Central Asia",2002,0.520416572713649,1.42575782670208,5.0796488784504,4.9507420126632,1.53131778336064,2.33429182040041,0.633758832415088,0.0193559844912669,0.0141677824626799,0.152054228683973,5.16605239684956,0.741114705160465,2.71841831674772,1.66760785972698,1.47803893945169,15.1323889475333,0
"NLD","Europe","Europe & Central Asia",2003,0.501160273785613,1.41377898246914,5.02876308964334,5.17267603985882,1.58869756830015,2.40030420623623,0.556736413096468,0.0101402078742614,0.0107252198670073,0.172188529864862,5.41370098087011,0.852167469433123,2.54051208049765,1.75055088629317,1.4757902537002,15.6323004621595,0
"NLD","Europe","Europe & Central Asia",2004,0.501619162418806,1.372225979905,4.67837804136138,5.18453161428793,1.57419618127062,2.31066002123616,0.571335723975318,0.0100134898712605,0.0372199529177042,0.146234738874635,5.38499034548429,0.540728453048068,2.45651689256848,1.74990458844557,1.43589666078453,15.4880348242727,0
"NLD","Europe","Europe & Central Asia",2005,0.503373674627825,1.21804448494508,4.39966381246109,5.13049050342813,1.53880225020558,2.34042437323352,0.59214025482725,0.0197864156272748,0.0114361851790671,0.158291325018198,5.38517253209847,0.422412744629985,2.30284833621658,1.72395953405714,1.40665077702525,15.0685354240374,0
"NLD","Europe","Europe & Central Asia",2006,0.496111512182104,1.27004547118619,4.2734019221755,5.09232806314644,1.54068285472828,2.27030892350645,0.698490794565355,0.029595617795691,0.0133436889483462,0.173467956328501,6.66756765079224,0.454198643049478,2.10043349881789,1.76615698336829,1.40331128773441,14.691230459194,0
"NLD","Europe","Europe & Central Asia",2007,0.461424164607458,1.27250997302841,4.22404186249334,5.03076699452493,1.52462167094659,2.15982686499669,0.629875478463104,0.0285866563302486,0.0135665487668976,0.183794434484875,6.74015213915403,0.462877723403912,2.02141576626775,1.81501041717137,1.32338453090428,14.4199492869487,0
"NLD","Europe","Europe & Central Asia",2008,0.45658361119781,1.24938581392402,4.34272046576164,5.1520554760676,1.53708756825577,2.18464828383277,0.723580727999778,0.0265761019038996,0.0135970753926928,0.190204543277328,6.57233180572251,0.543883015707712,2.1112549791563,1.83282395804684,1.42661133069014,14.7273322847104,0
"NLD","Europe","Europe & Central Asia",2009,0.517730882367062,1.36498506822525,5.27093249173391,5.56764750128833,1.69834934271384,1.8625508528556,0.775876141488568,0.00752190153670848,0.015043803073417,0.215094375858217,7.43836041751355,0.738106593346798,2.155744972329,2.0102681957999,1.56263503413663,16.3820613851182,0
"NLD","Europe","Europe & Central Asia",2010,0.535524032873009,1.27130245139529,5.06674885440411,5.57426856303398,1.59217881465049,2.18496308592008,0.836062060085703,0.0081353344170016,0.0129852453194449,0.195717372224404,7.77487652283291,0.655676664262571,1.9318290265603,1.94465782314096,1.51817856120353,16.7467423461366,0
"NLD","Europe","Europe & Central Asia",2011,0.524172034214949,1.24669605556316,4.6299044066431,5.48035777163075,1.55375723254387,2.06270690495557,0.608125665978329,0.00738053905612131,0.0107632861235102,0.194046672683856,7.89994449219585,0.522019376990247,1.94092801052957,1.90002752326023,1.4501221632975,16.749979626637,0
"NLD","Europe","Europe & Central Asia",2012,0.511052642863488,1.14477629769391,4.45444326350836,5.41314555428613,1.51340192291789,2.04084133017646,0.584410214314375,0.00842310319373444,0.00888254518611995,0.20521742326553,8.14866317694949,0.555465368794087,1.90408076377637,1.92184585414861,1.39410015222845,16.9454458578241,0
"NLD","Europe","Europe & Central Asia",2013,0.526448869959407,1.13602124570188,4.29017219738274,5.32626354542192,1.50485341343875,2.08868627008629,0.574596911560527,0.00620776636995562,0.00847890040774426,0.198799932774433,8.05192720864,0.560061653718679,1.78193176604897,1.96347108013621,1.35253602397106,17.1490303014703,0
"NLD","Europe","Europe & Central Asia",2014,0.525195068199416,1.08523437965334,4.11802370599798,5.30540830305557,1.39362082315802,2.29823098457323,0.478289356126035,0.00402048960628983,0.0064030019655727,0.219488951098934,7.98082077550777,0.508964202751802,1.68726547143963,1.86848531776759,1.25707308356662,17.0045863362916,0
"NLD","Europe","Europe & Central Asia",2015,0.538399554787771,1.11708849752467,3.84299892175163,5.23486684212357,1.35766541837196,2.22562636954934,0.537819851364042,0.00434777567796315,0.00550718252542,0.220577152728664,7.96019756292681,0.403328657059049,1.52128670971931,1.90620978307498,1.21375404343138,16.5277793880651,0
"NLD","Europe","Europe & Central Asia",2016,0.514867923036634,1.13152355446631,3.91805030656312,5.21503182807054,1.42262792992601,1.85603745110025,0.524891400562162,0.00550585385205065,0.00437644793368128,0.229834104388166,7.53779627493693,0.348562901556745,1.36672233696673,1.90347249967177,1.21072314449196,16.3974210015854,0
"NLD","Europe","Europe & Central Asia",2017,0.497327087053239,1.15573341859199,3.77703056034985,5.12202193062077,1.39159461678313,1.85356284529077,0.485947224532816,0.00555445670639684,0.00392876206062215,0.229629368715674,7.58698143727664,0.290186494270781,1.185673294985,1.80682412422475,1.17415795791077,15.8880492477098,0
"NLD","Europe","Europe & Central Asia",2018,0.484988482492484,1.17410104658809,3.78391786460372,5.09405856810833,1.37176550535567,1.98555886718886,0.527880378120482,0.00503850581172267,0.0020670793073734,0.199731538074955,7.55646679301689,0.348173670835707,1.04568374461752,1.84693536113813,1.16764142375255,15.463561913547,0
"LUX","Europe","Europe & Central Asia",1995,0,0.61918418828936,5.91524381195513,4.66826137927253,1.37407789017839,2.65613988928866,0.311538380108105,0.0967042187551405,0.00224801002249144,1.18860048507784,4.2235068536133,1.03401166606804,0.810914907405274,0.774442768397301,1.2295752754288,17.6498163415724,0
"LUX","Europe","Europe & Central Asia",1996,0,0.61277018034646,6.63555053590921,4.76169952738938,1.44340095253363,2.49987195391477,0.372607199845884,0.104629664660002,0.00225180545342836,1.08099982303863,4.44447405546993,0.96153995795577,0.73692394975478,0.797443599983399,1.23202302315321,17.8851963375141,0
"LUX","Europe","Europe & Central Asia",1997,0,0.627893623408375,5.61446699401525,4.89047847384952,1.34894706322484,3.43680212988767,0.456658228894474,0.267116719936069,0.00216622354259976,1.23321580770667,4.36727751894927,0.898543423432233,0.609050529606831,0.814695317238252,1.20719061500474,18.2166280550621,0
"LUX","Europe","Europe & Central Asia",1998,0,0.590479287430853,5.70012798691934,5.05103575051788,1.34298854010775,3.31271618942045,0.528247260723663,0.23229415812217,0.00209434705264583,1.39772924851124,4.17703710768544,0.918118019754655,0.651336179672158,0.778084452262089,1.19468115101709,17.8729851362587,0
"LUX","Europe","Europe & Central Asia",1999,0,0.257154242295087,5.24857355788538,4.79285647758701,1.24240077479611,3.33424843295084,0.52912134284264,0.193322915356149,0.00183397292649566,1.38786908889991,4.22560462071217,0.851578121127591,0.570063276910507,0.936419522526658,1.24431536191718,16.5965128063866,0
"LUX","Europe","Europe & Central Asia",2000,0,0.239850256072515,5.11427073494112,4.31132525108972,1.10095583074083,2.87981489986741,0.552042080816659,0.191257138400478,0.00157716405105852,1.21169094517188,3.67471424733745,0.75829527630701,0.498652477967365,0.891136684662513,1.03504423858506,15.3518722323804,0
"LUX","Europe","Europe & Central Asia",2001,0,0.28611511911122,3.91436107336814,4.49221139244234,1.22964087851623,2.64373903642536,0.607107551352647,0.204060256016557,0.00155225286998515,1.29828915652514,4.38055855863435,0.795864024331248,0.388530155351486,0.949402445744766,1.08465457115334,15.9534744803739,0
"LUX","Europe","Europe & Central Asia",2002,0,0.25747269343726,5.83873088739853,4.6849215172925,1.14055956038526,2.68215200819297,0.585741212287854,0.223098901361642,0.00147441491629707,1.28005515108768,4.24933950196655,1.02968355867972,0.388859002100045,1.00038653580238,1.17148242457571,16.8253057418499,0
"LUX","Europe","Europe & Central Asia",2003,0,0.265077631568899,6.27274914273058,4.98185032725162,1.15529750494505,2.76426045715944,0.622133207065886,0.24291463964136,0.00145105736258869,1.37160815341495,4.52626795683486,0.824746637747348,0.317506625222432,1.06250620517951,1.31568516637518,17.7767891919138,0
"LUX","Europe","Europe & Central Asia",2004,0,0.261626741505463,6.08345623505491,5.04541516917482,1.09705894987042,3.24987113217543,0.663429459184696,0.261784246624379,0.00136027148155042,1.19353799453028,4.87140065006658,0.768109509013588,0.236340010595799,1.07766792193474,1.30700253440055,17.7065250075173,0
"LUX","Europe","Europe & Central Asia",2005,0,0.247241184109753,5.50019979354667,5.01602344244281,1.14720122540042,2.76051413539343,0.64596583530352,0.274376477639772,0.0015650494489028,1.36653125104059,5.07129632712863,0.741916686091039,0.301215410742233,1.06496953148413,1.63550331324298,17.8042522726516,0
"LUX","Europe","Europe & Central Asia",2006,0,0.228698278233452,4.88451356619528,4.62863261388476,1.01763768068788,2.35001464137505,0.652608974719226,0.269241576772568,0.0012777927313707,1.25668548847472,4.54680063771322,0.773242073691963,0.260977333968286,0.967451779592585,1.14132920022598,16.6811995870836,0
"LUX","Europe","Europe & Central Asia",2007,0,0.239210950297077,4.60147287843373,4.47945474449217,1.08274854823569,2.14838255031752,0.722030506550759,0.211835207604313,0.00115656998996743,1.18026891597116,4.29252882683458,0.607914704308089,0.373677004967872,0.891941396867578,1.24367584839788,15.7287870270503,0.000575595297332627
"LUX","Europe","Europe & Central Asia",2008,0,0.265819531321715,4.51250377014569,4.84560630499495,1.13459747957565,2.24416381446949,0.733939179354027,0.221826193005232,0.00115399242036797,1.29264985509527,4.40246797015356,0.677162752271923,0.413748246062657,0.939048218524201,1.18127647297953,16.8296602279135,0.000141626342499705
"LUX","Europe","Europe & Central Asia",2009,0,0.317748618037451,5.41703897621185,5.50511407275992,1.28558215510434,2.15331130126243,0.770239936824569,0.223861706385695,0.0012169924600556,1.50395928213671,5.0723136919765,0.852084031977153,0.451539360240586,1.02598414123603,1.35841239276944,19.204900963858,0.00028666933503532
"LUX","Europe","Europe & Central Asia",2010,0,0.530419784059854,5.16111384894145,5.73801701437112,1.14675517325488,2.18125930240083,0.71903389433966,0.225594731418843,0.0011374440611482,1.51508793413278,4.8632752415513,0.803525827695892,0.443182553549473,1.0438923982896,1.22499987555317,18.5282842763914,0.000253871541000254
"LUX","Europe","Europe & Central Asia",2011,0,0.417468440647103,4.7312711544387,5.57039664355364,1.08855152474128,2.31482206525239,0.652470653103114,0.238271087254168,0.00105410207878197,1.37486649970925,4.6563140714519,0.787560205445654,0.476799329081402,1.01663396247397,1.11168385277785,17.9277048143506,0.000120468809003653
"LUX","Europe","Europe & Central Asia",2012,0,0.377600199492202,4.86092446499819,5.78763375045339,1.13357816467174,2.33870148712368,0.653516050054407,0.219888012332245,0.00103146536089953,1.56000634747914,4.85573993471164,0.755925825172289,0.582474156692056,1.02566195139645,1.18572497279652,18.6985015415306,0.0330476967718535
"LUX","Europe","Europe & Central Asia",2013,0.0879602747562334,0.345641019023901,5.1610751966692,5.11864454165,1.01187327148307,1.71941143326581,0.644128741446126,0.041688709961849,0.00451403674025901,1.79545112410053,5.19598102341105,0.522675561405093,0.769194871331673,1.01964756534493,1.2684292700551,18.6157735368628,0
"LUX","Europe","Europe & Central Asia",2014,0.35216751665352,0.300696648021146,5.32456251266952,4.70067216197719,0.907097540758224,1.48368366439669,0.574920269828176,0.0450161868806988,0.00307279781150965,1.79298454770062,4.96471400501362,0.578015145220304,0.644663347001363,0.992780631137818,1.1914728355441,18.1094807152333,0
"LUX","Europe","Europe & Central Asia",2015,0.407118816257842,0.274917214049183,5.47298696363622,4.69046972787269,0.818985707306102,1.8362350423042,0.547405135443244,0.0440646156948203,0.0023362311647421,1.46756419304055,4.76644474086253,0.525886604573972,0.500953880276393,1.0197678115815,1.1439583704933,18.371107897043,0
"LUX","Europe","Europe & Central Asia",2016,0.445342663639945,0.362178489015628,5.56604318706264,4.58659362512429,0.749863985141549,1.69624223777273,0.563426073579348,0.0412828546235672,0.00238448117366752,1.8335759713337,4.73005084141606,0.519188413410127,0.437104853385363,1.01832354651708,1.21652252218449,18.0828715081703,0
"LUX","Europe","Europe & Central Asia",2017,0.465638805554501,0.375890834061191,5.69646632055017,4.67446242538332,0.869725294895234,1.6609577336422,0.589063514366366,0.0435629384097086,0.00249731913423859,1.80688182309722,4.8878611483328,0.539929076859924,0.435027206492668,1.06612380265211,1.25995084928742,18.5867795794883,0
"LUX","Europe","Europe & Central Asia",2018,0.452776664197917,0.491744409640355,5.35377243108451,4.69015716197944,0.889047243719976,1.73924055363416,0.591795030338445,0.0424874127727233,0.00249875996276491,1.95965632283095,4.83747188682707,0.58975491428455,0.401284542681062,1.11979948767777,1.27833060411896,18.347064339247,0
"MNG","Asia","East Asia & Pacific",1992,NA,1.80466111278947,2.9615342416807,4.93233391975231,NA,NA,NA,NA,NA,NA,2.87770285552916,0.454213692239242,0.0945008352980973,NA,1.02731553211157,0.466407348406739,NA
"MNG","Asia","East Asia & Pacific",1993,NA,1.55831466302007,3.83885763139933,4.46131922756348,NA,NA,NA,NA,NA,NA,3.15777604791154,0.384411839949248,NA,0.846983662996681,0.889069807741857,2.98172820136587,NA
"MNG","Asia","East Asia & Pacific",1994,NA,1.51492920243749,2.80058150518596,3.33593410983095,NA,NA,NA,NA,NA,NA,2.27485673910212,0.339885091531203,0.381754994111133,0.912405631086726,0.860683986723283,3.0137373728656,NA
"MNG","Asia","East Asia & Pacific",1995,NA,1.25378496814395,2.4781525451845,3.0176464855988,NA,NA,NA,NA,NA,NA,1.91055449005533,0.311640487001739,0.236127094660399,0.938861290170851,0.68224708384915,2.43875425352815,NA
"MNG","Asia","East Asia & Pacific",1996,NA,1.37374158447059,1.94920599166992,2.91476663783495,NA,NA,NA,NA,NA,NA,1.64315723361065,0.269531576699927,0.455943092972392,1.14107497180962,0.773004969219402,3.31355744379097,NA
"MNG","Asia","East Asia & Pacific",1997,NA,1.35998747676076,2.04447476782902,3.3034948668478,NA,NA,NA,NA,NA,NA,1.82768377692798,0.311430712817231,1.67930483307101,1.08074527401386,0.856067639619804,3.92314661199092,NA
"MNG","Asia","East Asia & Pacific",1998,NA,1.51560570934333,2.15617964309707,6.11083462640542,NA,NA,NA,NA,NA,NA,3.68526826190916,0.343316500164105,1.00388857480774,1.31173325945674,1.01103723150594,4.66246248575527,NA
"MNG","Asia","East Asia & Pacific",1999,NA,NA,NA,NA,NA,NA,NA,NA,NA,NA,NA,NA,1.36961755190659,NA,NA,NA,NA
"MNG","Asia","East Asia & Pacific",2000,NA,1.82604105437623,1.93095139742984,4.48004208464393,NA,NA,NA,NA,NA,NA,2.46389034865156,0.488696281566201,1.2714350769409,1.66759218848513,1.000387568372,5.3154107856278,NA
"MNG","Asia","East Asia & Pacific",2001,NA,1.55775488375033,3.03794113477688,4.21619884703682,0,NA,NA,NA,NA,NA,2.95889967991278,0.434482531395853,1.01342436772191,1.76413408616336,0.923582217162089,5.21428131746368,NA
"MNG","Asia","East Asia & Pacific",2002,NA,1.37328715544841,5.28512128297793,4.86300625414517,0.0811068421509189,NA,NA,NA,NA,NA,2.89595288415323,0.417272021002631,1.10481342454116,1.64037367613115,0.875341395281429,5.36872107214655,0
"MNG","Asia","East Asia & Pacific",2003,NA,NA,NA,NA,NA,NA,NA,NA,NA,NA,NA,NA,0.825807368120963,NA,NA,NA,NA
"MNG","Asia","East Asia & Pacific",2006,NA,NA,NA,NA,NA,NA,NA,NA,NA,NA,NA,NA,0.448949100787758,NA,NA,NA,NA
"MNG","Asia","East Asia & Pacific",2007,NA,NA,NA,NA,NA,NA,NA,NA,NA,NA,NA,NA,0.374759169928616,NA,NA,NA,NA
"MNG","Asia","East Asia & Pacific",2008,NA,NA,NA,NA,NA,NA,NA,NA,NA,NA,NA,NA,0.302649232879756,NA,NA,NA,NA
"MNG","Asia","East Asia & Pacific",2009,NA,NA,NA,NA,NA,NA,NA,NA,NA,NA,NA,NA,0.449450038959056,NA,NA,NA,NA
"MNG","Asia","East Asia & Pacific",2010,NA,1.1236099700588,5.44294765986028,5.06009867137574,0,NA,NA,NA,NA,NA,2.53684986854626,0.0964527723645696,0.429655631675515,1.67671314288507,0.550768340294032,11.0837923633224,0
"MNG","Asia","East Asia & Pacific",2011,NA,1.14804551598369,9.91037306772945,4.83324529723982,NA,NA,NA,NA,NA,NA,2.49612650550563,0.197809078611507,0.283297699695973,1.5124926260631,0.622407565024282,13.1637683731287,0
"MNG","Asia","East Asia & Pacific",2012,NA,1.35498571435728,3.89183583087161,5.78805071889911,0,NA,NA,NA,NA,NA,2.61132949235708,0.423246188716396,0.754495456661157,1.67981774457181,0.508204806815859,13.3342884067944,0
"MNG","Asia","East Asia & Pacific",2013,NA,NA,NA,NA,NA,NA,NA,NA,NA,NA,NA,NA,1.41044267375651,NA,NA,NA,NA
"MNG","Asia","East Asia & Pacific",2014,NA,NA,NA,NA,NA,NA,NA,NA,NA,NA,NA,NA,2.25109094749276,NA,NA,NA,NA
"MNG","Asia","East Asia & Pacific",2015,NA,NA,NA,NA,NA,NA,NA,NA,NA,NA,NA,NA,3.15785290352697,NA,NA,NA,NA
"MNG","Asia","East Asia & Pacific",2016,0.000258638621898671,0.86349501291416,4.96977987634137,1.37889084393087,0.178942525404561,1.5797300050912,2.88716152964292,9.45062101929492,0,0.135899439203737,2.01873607799065,0.218396440311758,4.02177644564855,2.46181016747602,0.164849402028155,0.00800177025079587,-2.5665682200858e-08
"MNG","Asia","East Asia & Pacific",2017,0.000309135748488146,0.765828849993571,2.49373340441492,0.903363463638779,0.181854420616559,0.736818171964281,2.32963242639134,0.120070225025582,0,0.0648305295144794,1.96884546030005,0.252684768515095,4.15216250615835,2.36119962600628,0.155737671901812,15.5255485238343,0
"MNG","Asia","East Asia & Pacific",2018,0.00107772681790161,0.828678332985009,2.39993188226301,6.17301684654643,0.287216790889069,1.91791396079228,0.231661737624581,0.307369275163215,0,2.09771350062882,3.35556073994365,0.0773331413579537,3.28417605109417,2.39288352484479,0.373492307456517,6.40872925107316,0
"KAZ","Asia","Europe & Central Asia",2000,NA,0.783839083165442,3.27962042415445,3.25659682557266,0.0959169230224832,NA,NA,NA,NA,NA,2.08941983197828,0.850273548772223,1.36203995381364,1.83615413196344,0.672617890982045,6.57966365655321,0
"KAZ","Asia","Europe & Central Asia",2001,NA,0.999243338061701,4.10689606481033,3.279338354571,0.0982576717540461,NA,NA,NA,NA,NA,1.91727407891422,0.936876594516754,1.15913468711709,1.97869757918017,0.556067862079319,5.74401566114244,NA
"KAZ","Asia","Europe & Central Asia",2002,NA,0.99860248599348,3.81493269693934,3.20805287853619,0.0841399876121376,NA,NA,NA,NA,NA,1.88331512757141,0.654835013427246,1.03358553940826,2.05870363853075,0.604589281983287,5.33369874614601,NA
"KAZ","Asia","Europe & Central Asia",2003,NA,1.02956891570314,2.98090358252159,3.2304854861529,0.0967813572276519,NA,NA,NA,NA,NA,1.94669684896384,0.749007681091073,0.767524346944639,1.98598465950054,0.73261888887082,5.18713715924306,NA
"KAZ","Asia","Europe & Central Asia",2004,NA,0.988241852741351,3.34109860183771,3.2494738961666,0.139092821390449,NA,NA,NA,NA,NA,2.23476200032231,1.17643099799766,0.595730864065454,2.01978697590208,0.748682261767789,4.6392938900543,NA
"KAZ","Asia","Europe & Central Asia",2010,0.047426982087108,1.01454535523774,3.12237361077805,3.46225789361215,0.0966398188202462,0.719650559178313,0.149690395786632,0.171993552507329,0,0.0182502481371402,2.52701738790605,1.53172994073714,0.389103339825776,1.69066488840077,1.04322121435949,4.46406420474683,0.000210950764999054
"KAZ","Asia","Europe & Central Asia",2011,0.0627420353001497,0.936043935676501,2.91781464418879,3.49352063475574,0.117629023093219,0.528232547439082,0.127994533414996,0.485118174462368,0,0.0155436949953675,2.21757159528681,1.37494419001126,0.397454495586685,1.58798458631225,0.713848439861654,4.31990050576852,0
"KAZ","Asia","Europe & Central Asia",2012,0.122211832433575,1.09979570132593,2.9574608549744,3.90168666036481,0.0958656650743392,0.720324687477751,0.125649862012117,0.27694485824896,0,0.0217844241622661,2.35635173055026,1.41506702589444,0.373588996445351,1.8000702572817,0.719213006167269,4.27946418898612,0
"KAZ","Asia","Europe & Central Asia",2013,0.111119554637105,1.10145290773958,2.49706431809084,3.43737484127056,0.0636661777087018,0.736985087016634,0.105008195484739,0.693663017786451,0,0.0219382755532962,2.20864980706033,1.31217258710729,0.432670497106797,1.68983589698721,0.717884420591113,3.95891104153818,0
"KAZ","Asia","Europe & Central Asia",2014,0.0951555414559286,1.08797825343831,2.80850808336879,3.42165258304369,0.0508525901444842,0.533686767252221,0.151535755846134,0.987335384612195,0,0.0132153035573821,2.15804315917551,1.3980703103282,0.510116559064557,1.51483732915601,0.750571131618837,4.26843121357611,0
"KAZ","Asia","Europe & Central Asia",2015,0.086535060043341,1.10967733889117,2.92060914216185,3.33805927755349,0.0440031798604319,0.483319912248111,0.125421019321089,1.30958583350874,0,0.0141300106975483,2.11304246094267,1.08360281489783,0.63290669981881,1.36340461623646,0.718553902928212,4.50356327386675,0
"KAZ","Asia","Europe & Central Asia",2016,0,1.3726129942833,1.67394179785364,4.00944194518359,0.172828882577284,0.413015580897849,0,0.0353255159967342,0,0.11223725100897,3.77539312571547,1.43878175211163,1.11680261728572,0.979004704275284,0.772982644913101,4.58214598177449,0
"KAZ","Asia","Europe & Central Asia",2017,0,1.34280675129022,7.06650230322004,3.35996739066488,0.245601068852161,0.0068974762776161,0,0.0476173423368573,0,0.422841346828877,2.6131592535619,1.05609123449325,0.774768410796372,1.01014580751536,0.784978933166209,4.6962821739965,0
"KAZ","Asia","Europe & Central Asia",2018,0,1.47534008491453,2.19612100646596,3.37485558747881,0.297110076804332,0.0494373401561107,0,0.047299396165392,0,0.340977741683339,2.03027290008835,1.3383786020888,0.984712700386629,0.946530265028624,0.728777062049386,5.03936909827272,0
"ARM","Asia","Europe & Central Asia",2004,NA,NA,NA,NA,NA,NA,NA,NA,NA,NA,NA,NA,0.515477419603138,NA,NA,NA,NA
"ARM","Asia","Europe & Central Asia",2005,NA,NA,NA,NA,NA,NA,NA,NA,NA,NA,NA,NA,0.442903875992702,NA,NA,NA,NA
"ARM","Asia","Europe & Central Asia",2006,NA,NA,NA,NA,NA,NA,NA,NA,NA,NA,NA,NA,0.339759097787364,NA,NA,NA,NA
"ARM","Asia","Europe & Central Asia",2007,NA,NA,NA,NA,NA,NA,NA,NA,NA,NA,NA,NA,0.316159784159152,NA,NA,NA,NA
"ARM","Asia","Europe & Central Asia",2008,NA,NA,NA,NA,NA,NA,NA,NA,NA,NA,NA,NA,0.309783113891053,NA,NA,NA,NA
"ARM","Asia","Europe & Central Asia",2009,NA,NA,NA,NA,NA,NA,NA,NA,NA,NA,NA,NA,0.518255401379622,NA,NA,NA,NA
"ARM","Asia","Europe & Central Asia",2010,NA,NA,NA,NA,NA,NA,NA,NA,NA,NA,NA,NA,0.879602265497336,NA,NA,NA,NA
"ARM","Asia","Europe & Central Asia",2011,NA,NA,NA,NA,NA,NA,NA,NA,NA,NA,NA,NA,0.940664625636748,NA,NA,NA,NA
"ARM","Asia","Europe & Central Asia",2012,NA,NA,NA,NA,NA,NA,NA,NA,NA,NA,NA,NA,0.953217450858856,NA,NA,NA,NA
"ARM","Asia","Europe & Central Asia",2013,0.238948842118323,3.99640989488586,3.20443531584664,2.28113301262159,0.349478077407464,2.29647985456132,0,1.26361269621455,0.0297759565278911,0.0601342861533649,1.42954455373563,0.697395889748224,1.0261583744293,2.00865782076373,0.587535094132365,6.60016843325267,0.000965836136855576
"ARM","Asia","Europe & Central Asia",2014,NA,NA,NA,NA,NA,NA,NA,NA,NA,NA,NA,NA,1.27663868396691,NA,NA,NA,NA
"ARM","Asia","Europe & Central Asia",2015,NA,NA,NA,NA,NA,NA,NA,NA,NA,NA,NA,NA,1.46886389557433,NA,NA,NA,NA
"ARM","Asia","Europe & Central Asia",2016,NA,NA,NA,NA,NA,NA,NA,NA,NA,NA,NA,NA,1.93942530248149,NA,NA,NA,NA
"ARM","Asia","Europe & Central Asia",2017,0.219164086489948,5.28798241015755,2.12989428843013,2.44857029412952,0.326437850963965,1.83897675789202,0,0.850167082332126,0.0337083782501809,0.0966868732908995,1.5217394956007,0.385167097092667,2.19271792309489,2.2008429168661,0.665315806821148,7.34210430323467,9.28172279578123e-06
"ARM","Asia","Europe & Central Asia",2018,0.196024296182085,3.92064841107613,2.15042687648946,2.2312675261716,0.376459626618421,1.47012133603042,0,0.91972307949565,0.0236058870253401,0.0751019097854048,1.35111374895867,0.357118123227239,2.28516080870637,2.02395466107514,0.598374330561556,6.84347807928834,0.000789000362404398
"BGR","Europe","Europe & Central Asia",1990,NA,4.30682713704354,24.7677033382702,5.29505321438011,NA,NA,NA,NA,NA,NA,4.05172691707992,5.26977301240173,3.17381444837627,1.17667849208447,1.3881129086309,11.3278286864929,0
"BGR","Europe","Europe & Central Asia",1991,NA,3.4612911624365,8.47374500881633,5.45674127518025,NA,NA,NA,NA,NA,NA,4.2038199794282,2.86634571279718,6.73425979882437,1.43663184157091,1.00541169008815,14.8820915380708,0
"BGR","Europe","Europe & Central Asia",1992,NA,3.37000301941351,5.46482764600023,6.08449682019264,NA,NA,NA,NA,NA,NA,5.40924960606847,2.94303901171346,7.20956256311028,1.94730908134729,0.918855632142801,15.4818603570652,0
"BGR","Europe","Europe & Central Asia",1993,NA,2.97734650984182,5.27840404452267,5.75229487438263,NA,NA,NA,NA,NA,NA,4.94165540622012,2.03026277476087,10.2343669058417,1.90009982959315,0.839254378360242,16.5917624422104,0
"BGR","Europe","Europe & Central Asia",1994,NA,2.83340372690812,3.84072589251644,4.7231996557272,NA,NA,NA,NA,NA,NA,4.19601784846499,2.11607125271927,15.1939910256455,1.83838776312596,0.779855918950755,14.0997314987492,0
"BGR","Europe","Europe & Central Asia",1995,0.20606586841898,1.99844788435084,3.28224179950393,5.48237117209462,1.24232004859378,3.31198448666504,0.00568784455670561,0.0186039915708913,NA,0.200259527100677,2.91182092274848,0.0878061003441429,14.7159943260982,1.27786907707319,0.515579409713044,12.7920809047925,NA
"BGR","Europe","Europe & Central Asia",1996,0.152163457551785,1.48011391232447,2.51949279637224,4.23688456426404,1.05377192421324,2.51043051182362,0.0042646044934716,0.0139784258397125,NA,0.138718107273757,2.26817728434724,0.0668713676823533,20.324571940324,0.928321475363617,0.39589745047728,11.5010460127133,NA
"BGR","Europe","Europe & Central Asia",1997,0.216147245577639,2.16935554275149,3.42808107903837,3.71798768243044,1.04480856964276,2.15212426535294,0.00657813653527995,0.0183998012014774,NA,0.231913419527841,2.35704893714812,0.0874020215034716,7.31674441581159,1.28079106190567,0.532206242102306,9.71918783348676,NA
"BGR","Europe","Europe & Central Asia",1998,0.314645314206769,3.30686577806375,4.93995505345477,3.76006840848226,1.05417453636048,4.16314853208158,0.00821990215507754,0.0153704439984444,NA,0.321684195937267,2.83467663383772,0.195267769690212,4.10459139212104,1.9338758517428,0.744025689006564,10.8674922698026,NA
"BGR","Europe","Europe & Central Asia",1999,0.333333542916234,2.96985822248776,4.90176921985232,4.17090930975468,1.01378876536019,4.40658528175705,0.00817776357343102,0.0148481424369245,NA,0.326243998251047,5.07434461693816,0.121767665392064,3.58933288166606,2.08045287833982,0.690619993135031,12.1100184157271,NA
"BGR","Europe","Europe & Central Asia",2000,0.426467045490678,3.20488536310301,3.96132431618752,4.17505375999111,1.09400901580903,3.85834818828758,0.00902683745734363,0.00763038104783787,NA,0.424941685412602,3.85524375826953,0.311173455927406,4.10013924460731,2.04330576036121,0.84943578864267,12.7543699059777,0
"BGR","Europe","Europe & Central Asia",2001,0.28458609848956,2.64040408474853,4.59879402197816,3.65515564953632,1.20801698157538,3.70230862598666,0.00703717524403698,0.025615447965471,NA,0.14110121711588,4.01186629041843,0.391317673667258,4.20313177061866,2.74167241851681,0.676339530697807,12.6543142128014,NA
"BGR","Europe","Europe & Central Asia",2002,0.296930564848717,2.62911085593125,4.10390158970746,3.76613830235974,0.710549715407401,4.28474700809496,0.00687151654340533,0.00972010476178644,NA,0.101466534856603,4.88397993032051,0.415553705797336,2.22737117607352,2.51187799168319,0.681631960035757,12.7818135242568,NA
"BGR","Europe","Europe & Central Asia",2003,0.338226944646776,2.51035202524413,5.24358484694439,4.18516511447946,0.916850048962152,0.660068993147719,0.00774548724973426,0.0250023008167913,NA,0.753567696301205,5.51529852004533,0.624254366202126,2.20147871693583,2.73388469687007,0.854261781075893,12.3001445622581,NA
"BGR","Europe","Europe & Central Asia",2004,0.317283994611509,1.71654637523838,5.18592013935979,3.99309070970031,0.793344505589744,2.26656791174004,0.0379783996140135,0.014334840297381,NA,0.842837736822947,5.89292297421448,0.538448005655866,1.85939583478604,2.74654659609422,0.777209555676449,11.1302978772966,NA
"BGR","Europe","Europe & Central Asia",2005,0.305564594300403,2.03118602765813,4.47319479831309,4.17429029418864,0.706121752536172,3.50190199485456,0.00575764474174413,0.033467649796296,NA,0.67071202301686,4.94098521318505,0.646172366649218,1.5697727509495,2.60136863031076,0.72619634040156,10.6485110079051,NA
"BGR","Europe","Europe & Central Asia",2006,0.277603315576239,1.61422105839623,4.34148413431605,3.6369702196232,1.17752262087083,2.66109510860808,0.00457542455853025,0.0540858400380841,NA,0.233480063221657,3.82500043922197,0.620775189661683,1.30001434635175,2.57228113851219,0.691097680053056,10.8969325959164,NA
"BGR","Europe","Europe & Central Asia",2007,0.239786418683052,1.38885085331399,5.21014141281847,3.59314223889338,1.20858008617109,2.85362509107135,2.78411479343447,0.032834374170494,NA,0.284652815176508,4.04534206790504,1.31383191895094,1.12861819030632,2.80105511192507,0.705489971019466,10.1220601078615,NA
"BGR","Europe","Europe & Central Asia",2008,0.284915862109536,1.22737046697198,6.25167606762699,3.9523246682587,0.677758418513751,3.70983700076963,0.00574936467321226,0.0177923800369908,NA,0.134170626656696,4.42122157437067,1.4653856427932,0.839990013176257,2.65121719053165,0.820825922418763,10.6651058302997,NA
"BGR","Europe","Europe & Central Asia",2009,0.320477047876191,1.20766917634838,4.20369517491068,4.08140303079437,1.10088688110942,5.57307233746932,0.00491875949378813,0.0264845740988648,NA,0.441323706960204,3.96775776443998,1.30160104114382,0.728761488420459,2.8343056812001,0.677420052278056,12.9100871864507,NA
"BGR","Europe","Europe & Central Asia",2010,0.271389051848869,1.6768021347241,5.00753531554339,3.57775056738047,0.666042050517943,2.57482103249437,0.00393867937618541,0.00326462355085521,NA,0.235955648999071,4.42007961481989,0.951889867302615,0.696374562657802,2.50391945407363,0.712922365687188,12.878712548024,NA
"BGR","Europe","Europe & Central Asia",2011,0.233149338906857,1.16810680394034,4.34282790736008,3.38050134568337,0.687706905813853,2.58583789728467,0.00460506132272517,0.0458586840782809,NA,0.153189178940474,4.15096686228086,1.12491903066419,0.722603339854467,2.34662855028063,0.691521961994363,12.2138645951989,0
"BGR","Europe","Europe & Central Asia",2012,0.209740541277158,1.04434997338507,5.26695198134675,3.33373394891615,0.689329807103597,2.34330374506905,0.00447706197470247,0.00888830272788739,NA,0.0845985533226857,4.38456487479768,0.957916958240457,0.79761668670354,2.23427576727128,0.757451114639724,12.3886594423407,0
"BGR","Europe","Europe & Central Asia",2013,0.21232112099161,1.19989485267954,5.59525683955347,3.7023974150958,0.946391845512593,2.62733446778758,0.00844305621533898,0.0109898982594625,NA,0.0742651811024565,4.537026258369,1.31573646671045,0.736187596109696,2.62818219362864,0.760385649296308,13.550655711052,NA
"BGR","Europe","Europe & Central Asia",2014,0.281432840920283,1.37698488821803,8.56522835326537,4.08921200296972,0.689441629397016,2.65868112507087,0.0135094736273285,0.0374850582415914,NA,0.0806986586364238,5.47708804615271,1.63458780566259,0.864651682011849,2.75220393361725,1.47603088059119,13.3762915889563,NA
"BGR","Europe","Europe & Central Asia",2015,0.286118558959582,1.39769305551432,6.27141330917005,3.9780990541706,0.789787928151874,1.65324322832234,0.012937034159799,0.0414224437841892,NA,0.0467365741437471,5.52199786915453,2.12358384409536,0.92987459126525,2.75215616295176,1.69214577855171,13.257729000125,NA
"BGR","Europe","Europe & Central Asia",2016,0.170860508427483,1.08601187536361,4.171642320798,3.45117171037561,0.668402195508293,1.81467434793,0.00905449890461067,0.036308296264564,NA,0.049749281849585,5.02213630039018,1.91900346501639,0.893992332009087,2.35323908736345,0.972382854087265,12.7263250244061,NA
"BGR","Europe","Europe & Central Asia",2017,0.184840973700065,1.07085598369605,4.29625219605542,3.58654017102422,0.680713345544429,2.16950422422114,0.00613108151327799,0.0173807996022903,NA,0.0496078225751508,4.93071472120275,1.58596777840049,0.798791344619116,2.51800004378354,1.03523830934878,12.4587901261223,NA
"BGR","Europe","Europe & Central Asia",2018,0.193474540925807,1.15402864115907,6.7782598282251,3.58786457423319,0.711808002109904,2.41885242285751,0.00584756248698695,0.00058373702532115,NA,0.0468666705996335,5.04188215867175,1.07146413504428,0.655869316883414,2.52023271908848,0.789782296758913,12.1677286619077,NA
"HKG","Asia","East Asia & Pacific",2002,NA,0,2.00371529437156,4.08705505110457,0.818906377665068,NA,NA,NA,NA,NA,2.5900689102317,2.25507577042256,0.0038540398045231,2.19048206329875,0.665515593445049,2.48732020904312,NA
"HKG","Asia","East Asia & Pacific",2003,0,0,2.23392158157796,4.35786989254927,0.80132477207602,0,0,0,0,0,2.76413279869242,2.47686542757082,0.00278514071724535,2.2189613971539,0.68578122003487,2.67858919094845,0
"HKG","Asia","East Asia & Pacific",2004,0,0,1.91526019610478,3.92687947672993,0.637610112464492,0,0,0,0,0,2.53160904484532,1.45108124915999,0.0571016797157673,2.06089985261388,0.641786432124555,2.61695783208006,0
"HKG","Asia","East Asia & Pacific",2005,0,0,1.64666725679384,3.33249535274852,0.51709303354873,0,0,0,0,0,2.18946622997256,0.982490926794724,0.0766929273258387,1.66479596353014,0.547189519341418,2.1773568203948,0
"HKG","Asia","East Asia & Pacific",2006,0,0,1.28013931534331,3.30980369201624,0.533008902771939,0,0,0,0,0,2.2654042433176,1.06468744512263,0.0690457058626323,1.71290556037442,0.582897418568639,2.20048265476083,0
"HKG","Asia","East Asia & Pacific",2007,0,0,1.32618024711102,3.1211154162093,0.511099156992311,0,0,0,0,0,2.14834899888294,1.04000833557473,0.0614869792991817,1.73720404469225,0.544114333069212,2.08292442977642,0
"HKG","Asia","East Asia & Pacific",2008,0,0,1.19637736839146,3.29589431960869,0.59086798853052,0,0,0,0,0,2.27691204857662,1.11514692929028,0.0527675743548417,1.69670299293465,2.33108519649918,2.50549345002717,0
"HKG","Asia","East Asia & Pacific",2009,0,0,2.20642521146666,3.48266832203804,0.655599384057207,0,0,0,0,0,2.45280232877001,1.31113849973934,0.0526745598148556,1.87398485455734,0.734792028904713,2.71575324921877,0
"HKG","Asia","East Asia & Pacific",2010,0,0,1.98296264437053,3.5187678879849,0.611428494222927,0,0,0,0,0,2.41413204288388,1.23721241299487,0.0542128385909841,1.76205799366335,0.753124978889082,2.42983856621397,0
"HKG","Asia","East Asia & Pacific",2011,0,0,2.07037732045099,3.50371944190278,0.62871233386579,0,0,0,0,0,2.5084908732805,1.22821709754295,0.070253252896202,1.72231613446855,1.09427583319117,3.94917365839033,0
"HKG","Asia","East Asia & Pacific",2012,0,0,2.53055998868958,3.55080535222593,0.638420389394711,0.209321379498581,0.00500721874035067,0.0452122398025781,0,2.96388077124914,3.10707740914721,1.27723350182788,0.0945480715089745,1.75385199937753,0.756139120172759,3.0883739744406,0
"HKG","Asia","East Asia & Pacific",2013,0,0,3.51049078592624,3.38001360890986,0.604357189456135,0.212691828340672,0.0140765699935229,0.0218864942091984,0,2.88579038069873,3.33600679042513,1.2632435503822,0.121965762601687,1.74240812232118,0.700087218614744,2.99251042297521,0
"HKG","Asia","East Asia & Pacific",2014,0,0,2.78760445220254,3.37968278831242,0.696856865360917,0,0,0,0,0,2.81517076289654,1.3787137639076,0.114734259437479,1.8244649901217,0.595308417459253,2.81309112147982,0
"HKG","Asia","East Asia & Pacific",2015,0,0,3.00215154193839,3.4066080691162,0.692162716613573,0.22099171072602,0,0.0208482745967944,0,2.72278466234134,3.22731290758377,1.4802274963724,0.0917324082258952,1.91387160798572,0.59209099854896,2.92709775338993,0
"HKG","Asia","East Asia & Pacific",2016,0,0,3.03159524549497,3.39297746018973,0.694656923802158,0.244936834404229,0.0120460738231588,0.0401535794105294,0,2.82279663256022,2.82681199050127,1.44151350083801,0.0883378747031647,1.81092643141488,0.622380480863206,2.8749962857939,0
"HKG","Asia","East Asia & Pacific",2017,0,0,2.70739389272102,3.47824909828742,0.680608742475701,0.225616157726752,0.00376026929544586,0.0150410771817835,0,2.65475012258478,2.89540735749331,1.45898448663299,0.082725924499809,1.83501141617758,0.650526588112134,2.81268143299351,0
"HKG","Asia","East Asia & Pacific",2018,0,0,2.42316845323902,3.99276082833562,0.719543470830801,0.239847823610267,0.00352717387662157,0.0176358693831079,0,2.03870650068727,3.01926083838807,1.4708315065512,0.0881793469155394,1.89761954562241,0.94175542505796,3.43546735582941,0
"ARE","Asia","Middle East & North Africa",2011,NA,0.704846558644408,4.05301371908231,1.6260726522568,0.209993436896121,NA,NA,NA,NA,NA,1.63547682787515,1.58876350508339,0.183750080492553,1.56571025406326,0.316535063855148,2.22173593808068,NA
"ARE","Asia","Middle East & North Africa",2012,NA,0.742201915556189,3.45138447189035,1.30518022050122,0.494343855032842,NA,NA,NA,NA,NA,1.69538649732279,1.57465744681417,0.314007832757377,1.6762397984668,0.2260541768284,3.12828339141329,NA
"ARE","Asia","Middle East & North Africa",2013,NA,0.652470073359532,2.97088518298003,1.44603021351742,0.424563365394683,NA,NA,NA,NA,NA,1.80034154787913,0.876267087884858,0.41241352998248,1.92467752839105,0.298593331192808,3.21869835195823,NA
"ARE","Asia","Middle East & North Africa",2014,NA,0.832074252442215,3.01895570598458,1.53731869755174,0.45002197802733,NA,NA,NA,NA,NA,1.98457918458975,0.834271194549088,0.275222359622052,1.71800181887255,0.243519141175978,3.63424977969309,NA
"ARE","Asia","Middle East & North Africa",2015,0,0.81385484595716,3.62681741733098,1.70920169054576,0.497978589838746,0,0,11.2878740386125,0,0,2.42212211708716,1.26315029831972,0.212168371478904,3.17723762914835,0.413780551812544,2.73781181865058,0
"ARE","Asia","Middle East & North Africa",2016,NA,0.822505271842127,4.87954735512537,1.73710903750081,0.709088771829741,NA,NA,NA,NA,NA,2.81173411829922,2.28211029767888,NA,3.60682796934599,0.618018958053806,1.93373107353259,NA
"ARE","Asia","Middle East & North Africa",2017,0,1.33957064610981,3.93697499238547,1.65054037744393,0.582377431859829,12.019846897969,0,0,0,0.0731944493197618,2.40711337768153,2.07157314640158,0,3.99925462138665,0.666299685776769,1.25729915208791,0
"ARE","Asia","Middle East & North Africa",2018,NA,1.48547724522636,3.50822612375839,1.50213685895095,0.505052721257084,NA,NA,NA,NA,NA,1.57979508016153,1.34598017617021,NA,4.18673706799414,0.659100062270407,2.23626810337182,NA
"CRI","Americas","Latin America & Caribbean",2003,NA,NA,NA,NA,NA,NA,NA,NA,NA,NA,NA,NA,4.37030205293043,NA,NA,NA,NA
"CRI","Americas","Latin America & Caribbean",2004,NA,NA,NA,NA,NA,NA,NA,NA,NA,NA,NA,NA,4.12637531209233,NA,NA,NA,NA
"CRI","Americas","Latin America & Caribbean",2005,NA,NA,NA,NA,NA,NA,NA,NA,NA,NA,NA,NA,4.15632954381548,NA,NA,NA,NA
"CRI","Americas","Latin America & Caribbean",2006,NA,NA,NA,NA,NA,NA,NA,NA,NA,NA,NA,NA,3.80160637383573,NA,NA,NA,NA
"CRI","Americas","Latin America & Caribbean",2007,NA,NA,NA,NA,NA,NA,NA,NA,NA,NA,NA,NA,3.05750635006681,NA,NA,NA,NA
"CRI","Americas","Latin America & Caribbean",2008,NA,NA,NA,NA,NA,NA,NA,NA,NA,NA,NA,NA,2.13312735664683,NA,NA,NA,NA
"CRI","Americas","Latin America & Caribbean",2009,NA,NA,NA,NA,NA,NA,NA,NA,NA,NA,NA,NA,2.09285386839604,NA,NA,NA,NA
"CRI","Americas","Latin America & Caribbean",2010,NA,NA,NA,NA,NA,NA,NA,NA,NA,NA,NA,NA,2.09495696156715,NA,NA,NA,NA
"CRI","Americas","Latin America & Caribbean",2011,NA,NA,NA,NA,NA,NA,NA,NA,NA,NA,NA,NA,2.14147834434702,NA,NA,NA,NA
"CRI","Americas","Latin America & Caribbean",2012,NA,NA,NA,NA,NA,NA,NA,NA,NA,NA,NA,NA,2.05929640886321,NA,NA,NA,NA
"CRI","Americas","Latin America & Caribbean",2013,NA,NA,NA,NA,NA,NA,NA,NA,NA,NA,NA,NA,2.56824927018558,NA,NA,NA,NA
"CRI","Americas","Latin America & Caribbean",2014,NA,NA,NA,NA,NA,NA,NA,NA,NA,NA,NA,NA,2.58358808369062,NA,NA,NA,NA
"CRI","Americas","Latin America & Caribbean",2015,NA,NA,NA,NA,NA,NA,NA,NA,NA,NA,NA,NA,2.77439321873229,NA,NA,NA,NA
"CRI","Americas","Latin America & Caribbean",2016,NA,NA,NA,NA,NA,NA,NA,NA,NA,NA,NA,NA,2.27178973472579,NA,NA,NA,NA
"CRI","Americas","Latin America & Caribbean",2017,NA,NA,NA,NA,NA,NA,NA,NA,NA,NA,NA,NA,3.10612351471334,NA,NA,NA,NA
"CRI","Americas","Latin America & Caribbean",2018,0,0,2.02767084920606,6.89579545506693,0.112521164132496,0.530207911783466,0,0.15923728476423,0.0227215254204792,0.12553544308703,8.55539302828063,1.46393494894855,3.55681734332268,2.41422893426661,0.15805317606108,3.78641219094845,0
"NZL","Oceania","East Asia & Pacific",2009,NA,1.1247721235481,3.47751966248242,6.53941871972499,1.11861034428877,NA,NA,NA,NA,NA,6.99839574977863,0.593624667951456,NA,1.96002916818584,1.07487369133809,12.3476274805979,NA
"NZL","Oceania","East Asia & Pacific",2010,NA,1.09090277467606,3.56208654051345,6.59832953682612,1.13223755713371,NA,NA,NA,NA,NA,6.83903801966243,0.614121021731902,NA,1.94395065036898,1.0384315710592,12.1821827186962,NA
"NZL","Oceania","East Asia & Pacific",2011,NA,1.00486551213302,3.45102066896059,6.54257086466966,0.931518390026647,NA,NA,NA,NA,NA,6.69937003923647,0.83034129579758,NA,2.08771174207106,0.993179763634557,16.5660133564934,NA
"NZL","Oceania","East Asia & Pacific",2012,NA,0.955959820395316,3.34130444845623,6.52816275517289,1.02924130907744,NA,NA,NA,NA,NA,6.95747349905106,0.831004953015785,NA,1.98908484932648,0.938874230430959,12.0053835115493,NA
"NZL","Oceania","East Asia & Pacific",2013,NA,0.954367185786357,2.98496161438912,6.22267163851722,1.08012283395481,NA,NA,NA,NA,NA,6.95141917087081,0.651743803465672,NA,2.0174511954376,0.916266725159026,11.4678876946699,NA
"NZL","Oceania","East Asia & Pacific",2014,NA,1.01612769106678,2.98346069732827,6.08370683275264,1.03565637499065,NA,NA,NA,NA,NA,6.80106686401849,0.661987876167272,NA,1.95053592662503,0.966597094604146,11.242659593045,NA
"NZL","Oceania","East Asia & Pacific",2015,NA,1.01177751109375,3.0723874378531,6.11271963224183,1.00597248192906,NA,NA,NA,NA,NA,6.69348967573968,0.665883891442765,NA,1.79770509973407,0.986129329351679,11.2277676553025,NA
"NZL","Oceania","East Asia & Pacific",2016,NA,0.871148775469519,2.92986455124371,5.89586130889915,0.928890343304859,NA,NA,NA,NA,NA,6.54281813155193,0.84662431307056,NA,1.91799726920863,0.89079467533298,10.7916060137593,NA
"NZL","Oceania","East Asia & Pacific",2017,NA,0.889572123108439,2.79427673441326,5.65649181638967,0.872801509741057,NA,NA,NA,NA,NA,6.26532716902505,0.568057611494237,NA,1.73580934608288,0.892027556983605,10.5227127633453,NA
"NZL","Oceania","East Asia & Pacific",2018,NA,0.887305481800155,3.20905118811548,5.56358350418445,0.896212146674285,NA,NA,NA,NA,NA,6.40558599132861,0.563418814909421,NA,1.82004503747521,0.949568110778745,10.2658353779451,NA
"NZL","Oceania","East Asia & Pacific",2019,NA,1.02316337851527,3.10601193060312,5.71571398710466,0.9054459505089,NA,NA,NA,NA,NA,6.70341678323927,0.681935266026723,NA,1.94063962182239,0.943508111845385,10.5553329695948,NA
"EGY","Africa","Middle East & North Africa",2002,NA,3.21030791618748,2.32452397277657,4.7958837650191,0.0655113656078915,NA,NA,NA,NA,NA,1.75876681538121,1.30897230515385,5.04312014480367,1.54240360789461,1.32177337659447,6.39137165916816,0
"EGY","Africa","Middle East & North Africa",2003,NA,3.03719131819664,2.23375819892269,4.70351206316089,0.203193179016831,NA,NA,NA,NA,NA,1.72964776712421,1.28613081696079,5.34612188155381,1.57543052251166,1.31938889334695,6.44204383699099,0
"EGY","Africa","Middle East & North Africa",2004,NA,2.85391680441812,2.22504781963629,4.44206085324078,0.0862269720486143,NA,NA,NA,NA,NA,1.58206896670105,1.15269783997716,5.31256133014974,1.4874152678386,1.30281115949815,6.63869296617923,0
"EGY","Africa","Middle East & North Africa",2005,NA,2.61453294892796,2.0772856353209,4.55971437958809,0.0870686803446018,NA,NA,NA,NA,NA,1.28183464896779,1.0601892253725,5.12309995828845,1.57200471348337,1.29031192413319,7.10095422031522,0
"EGY","Africa","Middle East & North Africa",2006,NA,2.45314619681214,1.74535183279226,3.94711871261428,0.0634645400032613,NA,NA,NA,NA,NA,1.48810643386589,0.864346387977459,5.27095945572453,1.62023954456652,1.17552586832824,12.9986832952822,0
"EGY","Africa","Middle East & North Africa",2007,NA,2.28848228801424,1.77669582387178,3.54483633509447,0.105728341394699,NA,NA,NA,NA,NA,1.33233033105348,1.18088852804127,4.8448990914252,1.42107573838357,1.11461677781923,10.9432204392079,0
"EGY","Africa","Middle East & North Africa",2008,NA,2.12936218511906,1.97446568900952,3.57669125538352,0.0968355331866112,NA,NA,NA,NA,NA,1.39783865738339,1.472499087116,4.34969751975297,1.39539599752016,1.16546736256841,12.6522346733062,0
"EGY","Africa","Middle East & North Africa",2009,NA,2.05603332325288,2.09901373669445,3.63919084511672,0.114888196439367,NA,NA,NA,NA,NA,1.44025449118549,1.66081427736019,3.99280740589686,1.47556960796232,1.25994663785384,12.0768574023603,0
"EGY","Africa","Middle East & North Africa",2010,NA,1.87584149486168,2.07896110208293,3.54265186890428,0.107826008024319,NA,NA,NA,NA,NA,1.36689958417964,1.60336012809262,4.90253645694783,1.44169993623745,1.16969149055621,10.5873632133411,0
"EGY","Africa","Middle East & North Africa",2011,NA,1.853672823046,1.7516389687315,3.34429656826597,0.0803230477880283,NA,NA,NA,NA,NA,1.40655506307914,0.887992796012383,5.29672928374772,1.43742186469025,1.03892798771078,11.1531118306845,0
"EGY","Africa","Middle East & North Africa",2012,NA,1.56702693019645,1.61001970502179,3.36830477100376,0.0862243983997134,NA,NA,NA,NA,NA,1.34304651579387,0.686451304711292,5.57717800203021,1.64710097330865,1.04472442825581,10.5354988953245,0
"EGY","Africa","Middle East & North Africa",2013,NA,2.06126316921092,2.06126316921092,4.12252633842184,0.103063158460546,NA,NA,NA,NA,NA,1.71771930767577,1.03063158460546,7.27429585035476,2.06126316921092,1.37417544614062,9.96277198451946,0
"EGY","Africa","Middle East & North Africa",2014,NA,2.12569295774648,2.12569295774648,4.25138591549296,0.106284647887324,NA,NA,NA,NA,NA,1.77141079812207,1.06284647887324,7.48028169014085,2.12569295774648,1.41712863849765,10.274182629108,0
"EGY","Africa","Middle East & North Africa",2015,NA,1.96542411718974,1.96542411718974,3.93084823437948,0.0982712058594869,NA,NA,NA,NA,NA,1.63785343099145,0.982712058594869,7.32579074430214,1.96542411718974,1.31028274479316,9.4995498997504,0
"KIR","Oceania","East Asia & Pacific",2011,NA,0,17.4637520024069,12.9699957539324,1.6153149810119,NA,NA,NA,NA,NA,9.49605790659787,0,NA,5.27235460908363,0.0891663005284878,0.243796381760074,NA
"KIR","Oceania","East Asia & Pacific",2012,NA,0,17.2500209048803,13.3843845442127,1.38038538236719,NA,NA,NA,NA,NA,9.06013798527243,0,NA,4.901918127541,0.143447754126823,0.259069142306667,NA
"KIR","Oceania","East Asia & Pacific",2013,NA,0,18.0352312129383,12.0265331149832,1.49694846172702,NA,NA,NA,NA,NA,9.16501987576992,0,NA,5.17193914186324,0.1049602588909,0.258053551405281,NA
"KIR","Oceania","East Asia & Pacific",2014,NA,0,12.776262897328,11.2323711571355,1.56999807386526,NA,NA,NA,NA,NA,10.2572423167789,0,NA,13.4202708526657,0,1.34350443161469,NA
"KIR","Oceania","East Asia & Pacific",2015,NA,0,20.2164570255735,9.86295935462628,1.60456730106465,NA,NA,NA,NA,NA,9.90522346174953,0,NA,4.67969263966634,0,1.35443525408846,NA
"KIR","Oceania","East Asia & Pacific",2016,NA,0,23.3589270909758,10.0935942940039,1.53149974988328,NA,NA,NA,NA,NA,11.4751467351431,0,NA,4.61213609267658,0,1.21961550807043,NA
"KIR","Oceania","East Asia & Pacific",2017,NA,0,35.3925236459,10.9628891527454,1.84584690771677,NA,NA,NA,NA,NA,11.1668106428232,0,NA,5.23147816300824,0,1.34715239019555,NA
"TLS","Asia","East Asia & Pacific",2001,NA,NA,NA,NA,NA,NA,NA,NA,NA,NA,NA,NA,0,NA,NA,NA,NA
"TLS","Asia","East Asia & Pacific",2002,NA,NA,NA,NA,NA,NA,NA,NA,NA,NA,NA,NA,0,NA,NA,NA,NA
"TLS","Asia","East Asia & Pacific",2003,NA,NA,NA,NA,NA,NA,NA,NA,NA,NA,NA,NA,0,NA,NA,NA,NA
"TLS","Asia","East Asia & Pacific",2004,NA,NA,NA,NA,NA,NA,NA,NA,NA,NA,NA,NA,0,NA,NA,NA,NA
"TLS","Asia","East Asia & Pacific",2005,NA,NA,NA,NA,NA,NA,NA,NA,NA,NA,NA,NA,0,NA,NA,NA,NA
"TLS","Asia","East Asia & Pacific",2006,NA,NA,NA,NA,NA,NA,NA,NA,NA,NA,NA,NA,0,NA,NA,NA,NA
"TLS","Asia","East Asia & Pacific",2007,NA,NA,NA,NA,NA,NA,NA,NA,NA,NA,NA,NA,0,NA,NA,NA,NA
"TLS","Asia","East Asia & Pacific",2008,NA,NA,NA,NA,NA,NA,NA,NA,NA,NA,NA,NA,0,NA,NA,NA,NA
"TLS","Asia","East Asia & Pacific",2009,NA,NA,NA,NA,NA,NA,NA,NA,NA,NA,NA,NA,0,NA,NA,NA,NA
"TLS","Asia","East Asia & Pacific",2010,NA,NA,NA,NA,NA,NA,NA,NA,NA,NA,NA,NA,0,NA,NA,NA,NA
"TLS","Asia","East Asia & Pacific",2011,NA,NA,NA,NA,NA,NA,NA,NA,NA,NA,NA,NA,0,NA,NA,NA,NA
"TLS","Asia","East Asia & Pacific",2012,NA,0.599542783667114,8.74313566849291,1.63570861032357,0.0362302385975643,NA,NA,NA,NA,NA,0.800278527563515,0.302415970722561,0,0.735313822549606,0.146496573949337,2.40927919845187,0
"TLS","Asia","East Asia & Pacific",2013,NA,NA,NA,NA,NA,NA,NA,NA,NA,NA,NA,NA,0,NA,NA,NA,NA
"YEM","Asia","Middle East & North Africa",2002,NA,6.84864326916779,4.85248457540361,6.32079646135504,0.0213524230740354,NA,NA,NA,NA,NA,1.24456405114571,1.82416785453941,1.8463722446189,2.23758484393296,0.488762821437833,0.13988233270696,0
"YEM","Asia","Middle East & North Africa",2003,NA,6.3617740932182,6.77874005835394,5.94827937321347,0.611494542276989,NA,NA,NA,NA,NA,1.38428627497445,2.12981716257646,1.7568665857018,2.4912432056162,0.57724492365112,0.109367363260712,0
"YEM","Asia","Middle East & North Africa",2004,NA,5.30132748713668,7.47851561738099,5.55414688569099,0.557638219770703,NA,NA,NA,NA,NA,1.79555995927427,2.72733656070435,2.10556701996107,2.58011538956657,0.515079052385615,0.109070056836578,0
"YEM","Asia","Middle East & North Africa",2005,NA,4.86675865146995,10.9827299414898,5.1502555243087,0.65261005061242,NA,NA,NA,NA,NA,1.49350117079596,3.00280411319803,2.15278100271747,2.2985811754461,0.458937055029748,0.0958079801128315,0
"YEM","Asia","Middle East & North Africa",2006,NA,5.61744288853383,9.59652477439578,5.14441578281622,0.763954998973261,NA,NA,NA,NA,NA,1.47009143684059,2.83201907974474,2.31191798453426,2.56071864651494,0.508133131780092,0.0989883553064745,0
"YEM","Asia","Middle East & North Africa",2007,NA,6.33160991222952,10.9890935728776,0,6.52918985982162,NA,NA,NA,NA,NA,1.37711807710292,2.08216725459061,2.26022826221737,2.69551686988679,0.471053989936476,0.0973393985905391,0
"YEM","Asia","Middle East & North Africa",2008,NA,5.52726357233569,15.3882250102083,0,5.91613413995347,NA,NA,NA,NA,NA,1.30532530355776,1.89397917164027,2.34226387907968,2.46382662289132,0.419842559728934,0.0952970063576131,0
"YEM","Asia","Middle East & North Africa",2009,NA,5.65309921835268,9.73088637817304,0,6.4931034815353,NA,NA,NA,NA,NA,1.46708451252628,2.02405324303261,2.44444771664315,2.54665281265393,0.458608586284056,0.939894541279908,0
"YEM","Asia","Middle East & North Africa",2010,NA,4.68492345243046,9.8197045834972,0,4.79599178237577,NA,NA,NA,NA,NA,1.13374272322126,1.61326086195039,2.35629001324809,2.02444059337169,0.353420663580286,0.733613833861372,0
"YEM","Asia","Middle East & North Africa",2011,NA,3.58997138291118,3.97638491657243,0,5.21850498205675,NA,NA,NA,NA,NA,1.54245272059982,0.478425603406831,3.33302932172976,1.86745341429575,0.475924498684017,4.54244922946666,0
"YEM","Asia","Middle East & North Africa",2012,NA,4.06523407382803,5.12794379149127,0,5.65811893089133,NA,NA,NA,NA,NA,1.60370664089919,0.433148159112557,4.42734862381556,2.20341273003659,0.469567877429955,7.05807023130904,0
"KOR","Asia","East Asia & Pacific",2007,NA,NA,NA,NA,NA,NA,NA,NA,NA,NA,NA,NA,1.27574596190629,NA,NA,NA,NA
"KOR","Asia","East Asia & Pacific",2008,NA,NA,NA,NA,NA,NA,NA,NA,NA,NA,NA,NA,1.28473407850831,NA,NA,NA,NA
"KOR","Asia","East Asia & Pacific",2009,NA,2.50976120172651,6.47801058214442,3.91358170560298,0,NA,NA,NA,NA,NA,0.398392651996046,3.06091142750706,0.980724928645989,0.93179335449569,0.684640012197724,5.51840618144265,NA
"KOR","Asia","East Asia & Pacific",2010,NA,2.29135921055077,5.1421004752098,3.52756702702003,0.406135983121873,NA,NA,NA,NA,NA,0.362605817728748,1.50772955801372,1.05376458853849,0.869198762542084,0.631262179976474,5.20393929943849,NA
"KOR","Asia","East Asia & Pacific",2011,NA,NA,NA,NA,NA,NA,NA,NA,NA,NA,NA,NA,1.09027597504048,NA,NA,NA,NA
"KOR","Asia","East Asia & Pacific",2012,NA,NA,NA,NA,NA,NA,NA,NA,NA,NA,NA,NA,1.51055685765399,NA,NA,NA,NA
"KOR","Asia","East Asia & Pacific",2013,NA,NA,NA,NA,NA,NA,NA,NA,NA,NA,NA,NA,1.43790138079257,NA,NA,NA,NA
"KOR","Asia","East Asia & Pacific",2014,NA,NA,NA,NA,NA,NA,NA,NA,NA,NA,NA,NA,1.446825934747,NA,NA,NA,NA
"KOR","Asia","East Asia & Pacific",2015,NA,NA,NA,NA,NA,NA,NA,NA,NA,NA,NA,NA,1.3394523967729,NA,NA,NA,NA
"MAC","Asia","East Asia & Pacific",2001,NA,0,1.69877994877371,2.73350663527541,0.424114818524069,NA,NA,NA,NA,NA,2.18609333921196,0.10392629737929,0,3.42384540050806,1.1315962399576,1.87677778343507,0
"MAC","Asia","East Asia & Pacific",2002,NA,0,2.12188468228279,2.86207314902507,0.380876102439439,NA,NA,NA,NA,NA,2.10623050821929,0.119286425822354,0,3.30548021630259,1.34088232475988,1.99152609800255,0
"MAC","Asia","East Asia & Pacific",2003,NA,0,1.96781232452557,2.79699370301066,0.535171437345017,NA,NA,NA,NA,NA,2.10558644318683,0.137889515677057,0,3.36959791074498,2.2864464847337,2.05353627267887,0
"MAC","Asia","East Asia & Pacific",2004,NA,0,2.16836948980765,2.24596005904381,0.381617418370231,NA,NA,NA,NA,NA,1.67331132859162,0.141993980852567,0,2.76021250153085,2.37500820792511,1.6161285619642,0
"MAC","Asia","East Asia & Pacific",2005,NA,0,2.8553142290858,2.29065158146833,0.525435626393592,NA,NA,NA,NA,NA,1.75592534478487,0.134197704186968,0,2.49298042778099,2.07283838467256,1.41836650425303,0
"MAC","Asia","East Asia & Pacific",2006,NA,0,2.56046240429955,2.20639186060268,0.918555324578749,NA,NA,NA,NA,NA,1.51853166354003,0.308438540451926,0,2.32300698000642,1.05883148270209,1.24811979245889,0
"MAC","Asia","East Asia & Pacific",2007,NA,0,1.75815450747712,2.05442454148715,0.73305369890693,NA,NA,NA,NA,NA,1.33407002916212,0.128342606684624,0,2.10760661150879,0.824365276239458,1.40266842500153,0
"MAC","Asia","East Asia & Pacific",2008,NA,0,2.24965559400334,2.20783536363257,0.399802537923224,NA,NA,NA,NA,NA,1.29637309732356,0.460736936993324,0,2.20884787644254,1.02433754650095,2.86407373699332,0
"MAC","Asia","East Asia & Pacific",2009,NA,0,3.79096263366129,2.54995180939189,0.332729417304788,NA,NA,NA,NA,NA,1.65849316852806,0.530806326505975,0,2.32743199219675,1.02912959644713,3.37141938636006,0
"MAC","Asia","East Asia & Pacific",2010,NA,0,2.99389019730107,2.56669126698274,0.292528194639461,NA,NA,NA,NA,NA,1.38590618128255,0.562824306684677,0,1.9968413665775,0.68886332515152,4.19848381616693,0
"MAC","Asia","East Asia & Pacific",2011,NA,0,2.29112219258562,2.70462132157623,0.250966815007457,NA,NA,NA,NA,NA,1.33680992518694,0.733298985863624,0,1.60991597725474,0.561451391245707,3.78299432006781,0
"MAC","Asia","East Asia & Pacific",2012,NA,0,2.26995450494739,3.30419732112048,0.179346249949101,NA,NA,NA,NA,NA,1.22964838372337,1.13307613451594,0,1.50542322706199,0.543119399877261,3.13835096009807,0
"MAC","Asia","East Asia & Pacific",2013,NA,0,1.88245322302211,1.94812848797543,0.184741933958943,NA,NA,NA,NA,NA,1.0799187840676,0.387083801002756,0,1.46999747805713,0.516356427227368,2.01346218372525,0
"MAC","Asia","East Asia & Pacific",2014,NA,0,2.23324310323478,1.94095798840229,0.242897528352976,NA,NA,NA,NA,NA,1.19864852950438,0.295328975182663,NA,1.49240942403918,0.565684111170177,3.26715560919764,0
"MAC","Asia","East Asia & Pacific",2015,NA,0,2.22923740982403,2.62696127564092,0.238731769961956,NA,NA,NA,NA,NA,1.8143231522056,0.52178548676473,NA,2.58061238961774,0.676973073539399,4.32909915328784,0
"MAC","Asia","East Asia & Pacific",2016,NA,0,2.61249439384581,2.78752907444909,0.308390985147162,NA,NA,NA,NA,NA,1.92875864668626,0.389972397444495,NA,2.61105028974348,0.848487659836348,4.71294550607829,0
"MAC","Asia","East Asia & Pacific",2017,NA,0,2.58026018949949,2.58982384249242,0.222033755378398,NA,NA,NA,NA,NA,1.81424749200325,0.385453494231006,NA,3.19068959045565,0.793553069969689,4.50952299074891,0
"MAC","Asia","East Asia & Pacific",2018,NA,0,2.54816594379718,2.64125468959793,0.231356865464803,NA,NA,NA,NA,NA,1.67731231329545,0.316030077937209,NA,3.4876520332602,0.774534932112392,4.09931419527112,0
"USA","Americas","North America",1972,NA,6.77667976892864,4.68489627034092,6.02772506138277,0,NA,NA,NA,NA,NA,3.12111475520189,0.559582111244728,NA,1.27081997419603,0.262754408975782,6.11678073131594,NA
"USA","Americas","North America",1973,NA,6.03268603048935,4.07011787742522,5.91164374373411,0,NA,NA,NA,NA,NA,3.19894114997739,0.572621195969734,NA,1.25644656986064,0.263354822942531,6.26453231075411,NA
"USA","Americas","North America",1974,NA,5.95621147485776,3.87107388272144,6.07626015228958,0,NA,NA,NA,NA,NA,3.44357711486835,0.633033828092656,NA,1.31842060035926,0.29487990762962,6.84084742459865,NA
"USA","Americas","North America",1975,NA,5.78551075158684,4.37995070762906,6.40052169435746,0,NA,NA,NA,NA,NA,3.71290721567348,0.642846641916891,NA,1.38442429600908,0.320001997489076,7.92024268854925,NA
"USA","Americas","North America",1976,NA,5.33235587612828,4.00618849278696,6.11373333047521,0,NA,NA,NA,NA,NA,3.71040082024294,0.618331204389612,NA,1.34294389350154,0.305177453288271,7.68199588189192,NA
"USA","Americas","North America",1977,NA,5.13871448626683,3.99520882925044,5.80926553047779,0,NA,NA,NA,NA,NA,3.70705383507665,0.586039040937855,NA,1.31889847811493,0.285170264522093,7.33971118405554,NA
"USA","Americas","North America",1978,NA,4.89746266028898,4.14883751105934,5.52088147068681,0,NA,NA,NA,NA,NA,3.70164651532492,0.607578886202611,NA,1.29095020210246,0.28497436139508,6.85418291489993,NA
"USA","Americas","North America",1979,NA,4.87590990836688,4.02633909660967,5.42071122872123,0,NA,NA,NA,NA,NA,3.7425554044513,0.619661270303446,NA,1.28138349423844,0.276058607138439,6.8286974268505,NA
"USA","Americas","North America",1980,NA,5.20063345961695,4.15047397933382,5.44421483625419,0,NA,NA,NA,NA,NA,3.99952919426387,0.670939012187973,2.66193030194325,1.31062728671047,0.27678901945001,7.49782055733947,NA
"USA","Americas","North America",1981,NA,5.4521246326424,3.99490397517949,5.23543923885844,0,NA,NA,NA,NA,NA,4.10070276065824,0.643428349015053,2.98095587031595,1.30307200661049,0.264435058660285,7.46976270032195,NA
"USA","Americas","North America",1982,NA,6.04901608947904,4.00304111609546,5.32575880704588,0,NA,NA,NA,NA,NA,4.37740361474969,0.664900176146899,3.49392906274299,1.38992718045338,0.265733353071356,7.96888201626892,NA
"USA","Americas","North America",1983,NA,6.16473469500072,4.0636697287443,5.2199679182174,0,NA,NA,NA,NA,NA,4.46209179931343,0.635641793053157,3.60784529550567,1.39758404303768,0.257891199977986,7.81362217651227,NA
"USA","Americas","North America",1984,NA,6.06258591012099,3.81264960533974,5.09231851126274,0,NA,NA,NA,NA,NA,4.38315576040519,0.619099620571372,3.77150074919817,1.37219411365522,0.26442847027355,7.07849150124454,NA
"USA","Americas","North America",1985,NA,6.25676423138972,3.92926104932012,5.16040053791196,0,NA,NA,NA,NA,NA,4.4154933111316,0.627941408158562,4.25558884535607,1.42245625558885,0.260981963355612,6.92574750864255,NA
"USA","Americas","North America",1986,NA,6.32859677375331,4.01034559554549,5.2923738511341,0,NA,NA,NA,NA,NA,4.50767260594481,0.631923241750143,4.18746076370882,1.47091602019816,0.270983516772662,6.90408877102383,NA
"USA","Americas","North America",1987,NA,6.28266309664796,4.04229392966377,5.34338373863344,0,NA,NA,NA,NA,NA,4.59836190762577,0.644377659028886,4.07908964522939,1.50918530683281,0.272730983574481,6.7059174788116,NA
"USA","Americas","North America",1988,NA,5.89573993707539,3.75583093274515,5.36862293549511,0,NA,NA,NA,NA,NA,4.61715145944036,0.651637852542527,4.05906701614174,1.54898593448775,0.273283562545057,6.58889921769146,NA
"USA","Americas","North America",1989,NA,5.53933281338627,3.70106418852808,5.50506642264606,0,NA,NA,NA,NA,NA,4.81075872677964,0.654507499290981,4.03006239364719,1.61926336269853,0.27908946894498,6.5625261494966,NA
"USA","Americas","North America",1990,NA,5.41744471229431,3.79992955220627,5.65247595279321,0,NA,NA,NA,NA,NA,5.11038669120637,0.681690672927366,NA,1.70041734023687,0.29303048032701,6.78451870839535,NA
"USA","Americas","North America",1991,NA,5.32952806251903,3.83989103452756,5.83761830963158,0,NA,NA,NA,NA,NA,5.67447940030448,0.710483736526946,NA,1.79162250896174,0.300038774951791,7.27585694152035,NA
"USA","Americas","North America",1992,NA,4.91246985387998,3.85021720466388,5.86775506358962,0,NA,NA,NA,NA,NA,6.05373012173473,0.718696418506746,NA,1.83644566398147,0.295240605337924,7.60606494078133,NA
"USA","Americas","North America",1993,NA,4.43622923212632,3.88154329151205,5.84831740309541,0,NA,NA,NA,NA,NA,6.29211780507542,0.727376198759213,NA,1.87951534143514,0.289041504837028,7.51935359354382,NA
"USA","Americas","North America",1994,NA,4.04042677278809,3.77109159065491,5.80582689999657,0,NA,NA,NA,NA,NA,6.36529253970977,0.687317288003019,NA,1.90013998380734,0.287210248996535,7.31104071549624,NA
"USA","Americas","North America",1995,NA,3.75305474655584,3.57635035086227,5.92624269851762,0,NA,NA,NA,NA,NA,6.52695526267221,0.713033418632809,NA,1.94153545259989,0.293370374685036,7.24992059530744,NA
"USA","Americas","North America",1996,NA,3.57837888054502,3.50917754698459,5.89402116082682,0,NA,NA,NA,NA,NA,6.51849290503987,0.700227001811566,NA,1.95725861175195,0.296643224525819,7.09038583299528,NA
"USA","Americas","North America",1997,NA,3.31258925917074,3.40440134735443,5.89722020168929,0,NA,NA,NA,NA,NA,6.38270729357451,0.653042017126102,NA,1.95296594377182,0.296964814661529,6.83225205658959,NA
"USA","Americas","North America",1998,NA,3.10335905195124,3.42902246220136,5.9286278110854,0,NA,NA,NA,NA,NA,6.19209063366003,0.603607295296996,NA,1.96646359749857,0.295811498180755,6.66695969667295,NA
"USA","Americas","North America",1999,NA,3.0752385600216,3.59368566770847,5.99737095205956,0,NA,NA,NA,NA,NA,6.06865916600039,0.578216195292139,NA,2.00699787388248,0.294372544051834,6.51984060805549,NA
"USA","Americas","North America",2000,NA,2.97388403634289,3.65764754978127,6.08481855320975,0,NA,NA,NA,NA,NA,6.07799292493916,0.529389106009842,NA,2.03328208313216,0.306495268206801,6.44333159168386,NA
"USA","Americas","North America",2001,NA,3.10053984071746,3.81626042766725,6.29898245340478,0,NA,NA,NA,NA,NA,6.60574239320722,0.547039853711434,NA,2.11788325737763,0.321537163958013,6.67818074859488,NA
"USA","Americas","North America",2002,NA,3.42937059100531,3.76661256623493,6.35568123111247,0,NA,NA,NA,NA,NA,6.97067878516338,0.589049463034166,NA,2.17248284406732,0.330390574638022,7.07852182380937,NA
"USA","Americas","North America",2003,NA,3.7992625400912,3.77966007025506,6.32761372809984,0,NA,NA,NA,NA,NA,7.16712325180547,0.603578207841512,NA,2.13380490039928,0.316489865380839,7.09550411275718,NA
"USA","Americas","North America",2004,NA,3.91908611009336,3.65104093959869,6.25553056090587,0,NA,NA,NA,NA,NA,7.29224867925223,0.638529195638513,NA,2.11283617405828,0.307032457337954,6.86935148777298,NA
"USA","Americas","North America",2005,NA,3.94097935623676,3.66414697055411,6.17220254475372,0,NA,NA,NA,NA,NA,7.26734795240333,0.793060320443366,NA,2.08055919380975,0.30603166080178,6.7819915047031,NA
"USA","Americas","North America",2006,NA,3.91277995743634,3.51712825561363,6.16447526529903,0,NA,NA,NA,NA,NA,7.43042433367597,0.582703806118165,NA,2.08337700693469,0.306621255772878,6.70712072734643,NA
"USA","Americas","North America",2007,NA,3.9575141633871,3.63575798988021,6.25298447433291,0,NA,NA,NA,NA,NA,7.70053159192146,0.623650564373135,NA,2.13221398607447,0.315094754140899,6.71215395926134,NA
"USA","Americas","North America",2008,NA,4.31864036988138,4.03741837478526,6.46103110721428,0,NA,NA,NA,NA,NA,8.01426578512284,0.670710757451407,NA,2.23633326706462,0.324645334937376,7.7325972408426,NA
"USA","Americas","North America",2009,NA,4.62068631403374,4.16284533278427,6.75228226321335,0,NA,NA,NA,NA,NA,8.72145644053104,1.29073408575378,NA,2.32072974287014,0.331289005929507,8.65218692740117,NA
"USA","Americas","North America",2010,NA,4.68746502312893,3.94692853879223,6.71997291898039,0,NA,NA,NA,NA,NA,8.85041005066018,0.963468638378341,NA,2.26932274105276,0.31559793357146,9.00968313205999,NA
"USA","Americas","North America",2011,NA,4.53065510274986,3.76393653571475,6.52156524648386,0,NA,NA,NA,NA,NA,8.82012147259789,0.845597905112401,NA,2.19149820493354,0.293845945980724,8.61942982512578,NA
"USA","Americas","North America",2012,NA,4.2052410778506,3.60803479645985,6.27585640595047,0,NA,NA,NA,NA,NA,8.66207179702477,0.677825282999065,NA,2.09630580877382,0.275979267829636,8.1579472805233,NA
"USA","Americas","North America",2013,NA,3.75797187221195,3.50617291213939,6.25093190426472,0,NA,NA,NA,NA,NA,8.63996050301388,0.546398411064756,NA,2.05152144511486,0.26957750587212,8.05098515653276,NA
"USA","Americas","North America",2014,NA,3.48034422863794,3.41077635856116,6.13738842632411,0,NA,NA,NA,NA,NA,8.90025893471746,0.527522784346112,NA,2.02690264059872,0.267069629477486,7.81474279144933,NA
"USA","Americas","North America",2015,NA,3.28702796111337,3.24072111397809,6.09529190895361,0,NA,NA,NA,NA,NA,9.14112966771881,0.520294475514787,NA,2.01834269942976,0.269321895606393,7.78870592860543,NA
"USA","Americas","North America",2016,NA,3.20630042345599,3.37801083566434,6.12363846423066,0,NA,NA,NA,NA,NA,9.29704357776228,0.518654078936471,NA,2.02003163443325,0.274917533215247,7.76368621831093,NA
"USA","Americas","North America",2017,NA,3.16540269014416,3.36410660727276,6.05397870989887,0,NA,NA,NA,NA,NA,9.28365084428825,0.545567662940459,NA,1.99418688842895,0.275232596801131,7.66267692398332,NA
"USA","Americas","North America",2018,NA,3.21191963946016,3.35360572150484,5.94559310309642,0,NA,NA,NA,NA,NA,9.30616849455182,0.474686330826885,NA,1.99131419006086,0.27679238736167,7.54102628442317,NA
"SMR","Europe","Europe & Central Asia",2002,NA,0,5.03192145279729,3.30499786911021,1.13692061523573,NA,NA,NA,NA,NA,6.37443023469686,0.82394486045129,0.814699057898695,1.03484924255546,0.808145991725261,11.5266423453735,NA
"SMR","Europe","Europe & Central Asia",2003,NA,0,4.11075272890419,3.13275386352766,0.802676497621946,NA,NA,NA,NA,NA,4.83059481585274,1.72573481545771,0.305726071539799,0.96824573322629,1.01345491941539,10.7267324094399,NA
"SMR","Europe","Europe & Central Asia",2004,NA,0,6.59755342472233,2.7938400089649,1.17199424680405,NA,NA,NA,NA,NA,5.05014833810955,1.86461963658068,0.265664465729641,0.934106014584251,1.073578871826,12.7138219952162,NA
"SMR","Europe","Europe & Central Asia",2005,NA,NA,NA,NA,NA,NA,NA,NA,NA,NA,NA,NA,0.193015333650995,NA,NA,NA,NA
"SMR","Europe","Europe & Central Asia",2006,NA,NA,NA,NA,NA,NA,NA,NA,NA,NA,NA,NA,0.721059307953829,NA,NA,NA,NA
"SMR","Europe","Europe & Central Asia",2007,NA,NA,NA,NA,NA,NA,NA,NA,NA,NA,NA,NA,0.797487115310443,NA,NA,NA,NA
"SMR","Europe","Europe & Central Asia",2008,NA,NA,NA,NA,NA,NA,NA,NA,NA,NA,NA,NA,0.365302654462256,NA,NA,NA,NA
"SMR","Europe","Europe & Central Asia",2009,NA,NA,NA,NA,NA,NA,NA,NA,NA,NA,NA,NA,0.435565261788214,NA,NA,NA,NA
"SMR","Europe","Europe & Central Asia",2010,NA,NA,NA,NA,NA,NA,NA,NA,NA,NA,NA,NA,0.327755506780266,NA,NA,NA,NA
"SMR","Europe","Europe & Central Asia",2011,NA,NA,NA,NA,NA,NA,NA,NA,NA,NA,NA,NA,0.375277138121194,NA,NA,NA,NA
"SMR","Europe","Europe & Central Asia",2012,NA,NA,NA,NA,NA,NA,NA,NA,NA,NA,NA,NA,0.405424150599038,NA,NA,NA,NA
"SMR","Europe","Europe & Central Asia",2013,NA,NA,NA,NA,NA,NA,NA,NA,NA,NA,NA,NA,0.29096841354864,NA,NA,NA,NA
"TUN","Africa","Middle East & North Africa",2008,NA,1.29062492574542,6.72796820957768,5.69662626695201,0.342514087261471,NA,NA,NA,NA,NA,1.33911609076711,1.1158396070478,2.11805066322387,1.96895842450044,0.708369071119208,7.03121892814621,NA
"TUN","Africa","Middle East & North Africa",2009,NA,NA,NA,NA,NA,NA,NA,NA,NA,NA,NA,NA,2.04413891827207,NA,NA,NA,NA
"TUN","Africa","Middle East & North Africa",2010,NA,NA,NA,NA,NA,NA,NA,NA,NA,NA,NA,NA,1.86900938680427,NA,NA,NA,NA
"TUN","Africa","Middle East & North Africa",2011,NA,NA,NA,NA,NA,NA,NA,NA,NA,NA,NA,NA,1.89309623628509,NA,NA,NA,NA
"TUN","Africa","Middle East & North Africa",2012,NA,NA,NA,NA,NA,NA,NA,NA,NA,NA,NA,NA,1.85077171882211,NA,NA,NA,NA
"AUS","Oceania","East Asia & Pacific",1999,NA,1.62783760871613,4.31975886213068,4.88100097334296,0.449778642971522,NA,NA,NA,NA,NA,5.69044553989136,0.706301610725611,2.76068322396308,1.49125561242111,0.783070112091431,9.44660742880467,0.00926245722000691
"AUS","Oceania","East Asia & Pacific",2000,NA,1.53718661001914,3.79627900462206,4.76956790699846,0.421938465848079,NA,NA,NA,NA,NA,5.43574046407395,0.633637191278771,2.32416312619637,1.46365376534852,0.812216956907419,9.39338321116766,0.020133993183622
"AUS","Oceania","East Asia & Pacific",2001,NA,1.58276070070722,3.92316898399102,5.23744158597596,0.428564165770103,NA,NA,2.27362976947672,NA,NA,5.57105934631255,0.531342619119266,2.29080531315138,1.56063860045426,0.898212232009992,10.3049139917475,0
"AUS","Oceania","East Asia & Pacific",2002,NA,1.59142458064764,4.08242244063713,5.31645245204198,0.453887258608096,NA,NA,2.04121122031857,NA,NA,5.71844125222651,0.561400361367044,2.03544472493817,1.59680664300268,0.833578943321758,10.0194779399516,0
"AUS","Oceania","East Asia & Pacific",2003,NA,1.73705034884775,3.96182306925609,5.25995952762089,0.474312120571446,NA,NA,1.9490772901628,NA,NA,5.74780271225347,0.552840617354798,1.92865988099912,1.6137002023619,0.816092301186988,9.70225618411912,0
"AUS","Oceania","East Asia & Pacific",2004,NA,1.56424718851607,3.97146289132817,5.20754005951026,0.457037878626441,NA,NA,1.84284402054259,NA,NA,5.76394862782088,0.572895578901561,1.72306084155534,1.64657008493614,0.847342619146691,10.0350937796864,0
"AUS","Oceania","East Asia & Pacific",2005,NA,1.58271809199744,3.76179104166992,5.28332318770454,0.499685225363031,NA,NA,2.02361069921593,NA,NA,6.0186991743019,0.56399290326273,1.61372729590377,1.59759834756323,0.806863647951884,9.71108370924189,0
"AUS","Oceania","East Asia & Pacific",2006,NA,1.62706516938873,3.84887598087712,5.17307213894369,0.516256188035276,NA,NA,2.07312440096347,NA,NA,5.98101210897499,0.597252676258965,1.50479904192725,1.60324834487533,0.829442609166874,9.42654486337628,0
"AUS","Oceania","East Asia & Pacific",2007,NA,1.6741480193141,3.92987757947426,4.97829906419691,0.578042863992724,NA,NA,2.19079483990141,NA,NA,5.92498358938609,0.605733010370093,1.3799955058804,1.6786598323021,0.818672890019693,9.29486555681965,0
"AUS","Oceania","East Asia & Pacific",2008,NA,1.56286462519771,4.06492273186921,4.90631563253559,0.571165115253974,NA,NA,2.08484585267197,NA,NA,5.96956270905178,0.654380688153084,1.28745105919569,1.65612764798921,0.814977830787979,9.04270490315555,0
"AUS","Oceania","East Asia & Pacific",2009,NA,1.78020458133546,4.32752975919353,5.40652084193149,0.654397278797322,NA,NA,2.10665067574579,NA,NA,6.43552709439211,0.68933120930811,1.45684788214036,1.72863544581953,0.850058975762506,11.1836106791679,0
"AUS","Oceania","East Asia & Pacific",2010,NA,1.77870751367304,4.36736744530416,6.16348302309764,0.729155495880092,NA,NA,2.20693120068633,NA,NA,6.43209606313325,0.716668698831677,1.64590675447578,1.7233983479233,0.877895284250917,9.44677612935734,0
"AUS","Oceania","East Asia & Pacific",2011,NA,1.66448113590319,3.94445683252834,6.01147113837853,0.804384427019298,NA,NA,2.06435484563879,NA,NA,6.462761078868,0.621154437582128,1.81286537744219,1.69025744256759,0.850549928637818,9.25185292775883,0
"AUS","Oceania","East Asia & Pacific",2012,NA,1.64619239217674,4.20739080386939,5.55966977146961,0.933618996324927,NA,NA,2.21916846196088,NA,NA,6.85353567355215,0.527169665864065,2.05462182655346,1.71536402230389,0.845900392852617,9.6399379039412,0
"AUS","Oceania","East Asia & Pacific",2013,NA,1.61627628872555,4.06696748887861,5.52182024012628,0.953808377313966,NA,NA,2.03102826984709,NA,NA,6.70236140121498,0.501044373933702,2.0287960202178,1.66462043783982,0.807627915876078,9.67680214295964,0
"AUS","Oceania","East Asia & Pacific",2014,NA,1.65905633544589,4.23228151370851,5.434656036153,0.947926009246367,NA,NA,2.12824997894048,NA,NA,6.7094381320952,0.498429207815311,2.1955165527801,1.6568884440238,0.806827247545947,9.97527364983722,0
"AUS","Oceania","East Asia & Pacific",2015,NA,1.76712990870266,4.17478574471729,5.45534999753152,0.746518370702933,NA,NA,2.12045837008124,NA,NA,6.80107004217146,0.519539728271701,2.30714891298319,1.73446058745047,0.800946922714504,10.3253340224772,0
"AUS","Oceania","East Asia & Pacific",2016,NA,1.8585044225076,3.95497446215483,5.4168890987434,0.768513836596551,NA,NA,2.00890667953983,NA,NA,6.94804397783138,0.484035690144336,2.23847420110914,1.74551186392501,0.830060718818253,10.2259440076064,0
"AUS","Oceania","East Asia & Pacific",2017,NA,1.863945472904,3.94542866653912,5.30197044716333,0.780017053541706,NA,NA,2.0526182495015,NA,NA,7.11493224479685,0.463498010973103,2.01556937484724,1.73869815784148,0.791076419110141,9.74213983240637,0
"AUS","Oceania","East Asia & Pacific",2018,NA,1.88210786391658,4.27773807937796,5.39377506857408,0.816201440621872,NA,NA,1.76978801405552,NA,NA,6.99895368241128,0.484823655729392,2.03750208657949,1.81549529473034,0.858854548164047,9.47983745479955,0
"AUS","Oceania","East Asia & Pacific",2019,NA,1.94780164283419,4.2957602807465,5.49853706853296,0.808785308228156,NA,NA,1.81100740012241,NA,NA,6.99089258118054,0.538054012923522,1.96429314369611,1.85857710929554,0.829186648200196,9.51975646714958,5.01261424374438e-05
"MDV","Asia","South Asia",1990,NA,5.05067014132687,8.72306045952683,3.57264638363157,NA,NA,NA,NA,NA,NA,3.06939289558195,3.77666806797601,0.566726900956785,0.739011878847647,0,0.62566649865629,NA
"MDV","Asia","South Asia",1991,NA,3.74255734167489,12.0713269570606,6.54854621254336,NA,NA,NA,NA,NA,NA,3.09587911183236,3.42293476830444,0.799056433426119,0.717292519308097,0,0.780473725672023,NA
"MDV","Asia","South Asia",1992,NA,3.67765444672779,12.836220314483,5.15923264688138,NA,NA,NA,NA,NA,NA,2.87655057649861,1.85893214674803,0.665009004244302,0.671195134516342,0,0.528914138259422,NA
"MDV","Asia","South Asia",1993,NA,3.66168418978721,9.76185497104538,5.60456485780245,NA,NA,NA,NA,NA,NA,1.94551686973575,2.58875008953998,0.817222533357836,1.07293410024722,0,0.624779807760668,NA
"MDV","Asia","South Asia",1994,NA,3.02324684131188,7.62698120235366,4.79113502409546,NA,NA,NA,NA,NA,NA,2.90809703630299,1.26890569441171,1.26664785509781,0.923456279385034,0,0.98216010154643,NA
"MDV","Asia","South Asia",1995,NA,2.87028001832762,10.5784589493764,4.07565174139913,NA,NA,NA,NA,NA,NA,3.13834301876864,1.45519914525123,1.39502173698896,0.824248137410472,0,0.950073627413399,NA
"MDV","Asia","South Asia",1996,NA,3.18603697414036,6.95062087479382,3.97408557320695,NA,NA,NA,NA,NA,NA,3.07483993255428,1.45845395123775,1.30535657514097,0.749371367210556,0,0.770321534465905,NA
"MDV","Asia","South Asia",1997,NA,3.84028245801777,4.3598730652572,4.14630700112871,NA,NA,NA,NA,NA,NA,2.76073204849022,1.99371734256535,1.13424415765801,0.548239713403011,0,0.865984345399056,NA
"MDV","Asia","South Asia",1998,NA,3.65406031811305,2.95927420128874,5.29483388147769,NA,NA,NA,NA,NA,NA,2.74728478645522,3.26071579694796,0.999903829503771,0.883493457196347,0,0.873690478475722,NA
"MDV","Asia","South Asia",1999,NA,5.31283766755737,3.50332784040411,5.06348249584537,NA,NA,NA,NA,NA,NA,2.91363655595007,2.72605856641897,1.1086196147736,0.607662828361213,0,0.786255045938723,NA
"MDV","Asia","South Asia",2000,NA,3.99229880790522,3.48239553477659,5.73720689017075,0,NA,NA,NA,NA,NA,3.17178917505375,2.36506071174629,1.12793572267954,0.766445044640327,0,0.816269272991773,NA
"MDV","Asia","South Asia",2001,NA,3.88520006974444,5.18433929641999,5.24949988459181,0,NA,NA,NA,NA,NA,3.06254764407528,2.87317468470095,1.18612633156506,0.837924438521927,0,1.01507978761405,NA
"MDV","Asia","South Asia",2002,NA,3.00901290032977,4.11829163725385,6.0067066298746,0,NA,NA,NA,NA,NA,2.98826108722405,4.52861157820791,1.28755567678688,0.729143251396524,0,0.934774853989593,NA
"MDV","Asia","South Asia",2003,NA,3.28132362176686,4.04095115402925,5.37308389389116,0,NA,NA,NA,NA,NA,2.69768018055646,3.26275989908205,1.00392612279448,0.669779114467914,0,1.04922160614541,NA
"MDV","Asia","South Asia",2004,NA,3.16300926717818,3.58966845965037,4.8085127796381,0,NA,NA,NA,NA,NA,2.72106676034877,2.5504030833599,0.882611404129043,0.64508322682736,0,1.12204999572538,NA
"MDV","Asia","South Asia",2005,NA,2.79564577705422,4.55509615800115,5.70545436508592,0.299509492329134,NA,NA,NA,NA,NA,3.53636095651394,5.72224301375908,1.04022467178885,2.6317885660042,1.74467637011455,3.32751016701986,NA
"MDV","Asia","South Asia",2006,NA,2.07662536808661,4.24103738297316,5.21660989289109,0.350154647687879,NA,NA,NA,NA,NA,3.41177595105513,6.39354612371735,0.985987874792498,2.48976817477784,1.53651430387684,1.49138105608704,NA
"MDV","Asia","South Asia",2007,NA,1.98910896471705,2.49339011070165,5.49357022881072,0.593763870064791,NA,NA,NA,NA,NA,3.2703008646315,7.20795886773019,0.979710385606905,3.45261146135562,1.62574220198022,0.984728108452523,NA
"MDV","Asia","South Asia",2008,NA,2.01671475912479,4.2342755993084,5.60750919110489,0.328782283377098,NA,NA,NA,NA,NA,4.56158909175239,3.56717457741192,0.962960662610747,3.37861626767428,1.67859249673659,2.20277251572208,NA
"MDV","Asia","South Asia",2009,NA,2.5066903918086,2.78983814370724,6.44607509672412,0.316792367124249,NA,NA,NA,NA,NA,4.65081841518604,2.3534574907811,2.05831759880204,3.90077667615663,3.09890224277967,1.54731918537554,NA
"SRB","Europe","Europe & Central Asia",2007,NA,2.53046885076296,5.78645891027712,4.22714349770873,0.356351016311285,NA,NA,NA,NA,NA,6.56384704066176,1.99231397717317,0.75979201714281,2.81073705890168,1.08491672631597,15.7978702964404,0
"SRB","Europe","Europe & Central Asia",2008,NA,2.48493469763941,5.42872908152655,4.53598681961133,0.360914876161668,NA,NA,NA,NA,NA,6.22990196268993,1.91519718751332,0.594718263808814,2.51982469005876,1.03962851067327,16.9215151716962,0
"SRB","Europe","Europe & Central Asia",2009,NA,2.46040104450924,5.03596987136043,4.35754972532013,0.277789454800189,NA,NA,NA,NA,NA,6.33221070897408,1.47882737933133,0.77697368500722,2.37695136315598,0.875655693567637,18.0875604504411,0
"SRB","Europe","Europe & Central Asia",2010,NA,2.35394694393292,6.43909777342746,4.13414693739852,0.370160368788075,NA,NA,NA,NA,NA,6.11290326276103,1.54327494420786,1.11483068109267,2.47829683819554,1.07736119764561,17.4531740571696,0
"SRB","Europe","Europe & Central Asia",2011,NA,2.17999001786615,5.90226263912798,3.9725304615364,0.362905054907278,NA,NA,NA,NA,NA,5.88877748927694,1.53945850314734,1.31491032563773,2.66378298569502,1.10743581545722,16.5228572618166,0
"SRB","Europe","Europe & Central Asia",2012,NA,1.50737572913305,6.39277143045934,4.0901048257507,0.427706239324676,NA,NA,NA,NA,NA,6.00200472543772,1.60071222313414,1.90293564562994,2.98451349204431,1.12382116128465,17.5897469166443,0
"UZB","Asia","Europe & Central Asia",2011,NA,NA,3.75782726342658,7.62637816109326,0.0102283760750241,NA,NA,NA,NA,NA,3.03509840912041,0.348884330513053,0.0469248637380546,NA,0.288067117099822,9.58321544244247,0
"UZB","Asia","Europe & Central Asia",2012,NA,NA,4.01091704745893,7.85235106957001,0.0129129846273071,NA,NA,NA,NA,NA,2.85581842691811,0.312033875626677,0.0396557373954276,NA,0.339469474923996,9.39356290044538,0
"UZB","Asia","Europe & Central Asia",2013,NA,NA,4.29364139498233,7.61625325360706,0.0181186084446049,NA,NA,NA,NA,NA,3.09961862375841,0.354822627528212,0.0294807571006592,NA,0.359736515993225,9.02073756165198,8.27393242130499e-09
"UZB","Asia","Europe & Central Asia",2014,NA,NA,4.16335754773526,7.60641979130886,0.017860914881066,NA,NA,NA,NA,NA,3.1345919672498,0.417712545560302,0.0362314115875264,NA,0.345575592156671,8.77804330903931,0
"UZB","Asia","Europe & Central Asia",2015,NA,NA,4.01606569581591,7.29223035494888,0.0158609633822232,NA,NA,NA,NA,NA,3.04760769860693,0.389259338212662,0.0357644226372584,NA,0.297028520764072,9.00186182002779,0
"UZB","Asia","Europe & Central Asia",2016,NA,NA,3.83572866899453,7.11016161346966,0.0144093574680363,NA,NA,NA,NA,NA,2.9179951528744,0.358971993889588,0.0297464283960388,NA,0.299822978734843,8.44479470631366,7.00023494168081e-10
"UZB","Asia","Europe & Central Asia",2017,NA,NA,3.83026733616365,6.34796898758092,0.0407075923634576,NA,NA,NA,NA,NA,2.67094055566937,0.352116824032604,0.052994023202886,NA,0.407719151274634,7.6959949157524,1.03525711757283e-08
"KWT","Asia","Middle East & North Africa",2001,NA,NA,4.88963266985163,6.32006058282925,0.0560952122736324,NA,NA,NA,NA,NA,3.00109385663934,3.17872869550584,0.57030132478193,4.27258533484167,1.44912631706884,9.43334486401586,NA
"KWT","Asia","Middle East & North Africa",2002,NA,NA,5.08236187452002,6.12644640222278,0.0431439887480477,NA,NA,NA,NA,NA,2.87338965061998,2.99419281911451,0.267492730237896,4.10730772881414,1.45826681968401,7.11875814342788,NA
"KWT","Asia","Middle East & North Africa",2003,NA,NA,5.40066631597405,5.21129230229704,0.0420831141504471,NA,NA,NA,NA,NA,2.60213922496931,2.95984569524812,0.126249342451341,3.61914781693845,1.32561809573908,6.12309310889006,NA
"KWT","Asia","Middle East & North Africa",2004,NA,NA,5.74309087898976,4.60132330861407,0.0399618649631494,NA,NA,NA,NA,NA,2.2036114108251,3.14556965638505,0.0742148920744204,3.23691106201511,1.11893221896818,5.28067501298761,NA
"KWT","Asia","Middle East & North Africa",2005,NA,NA,4.88232826028913,3.71260378126152,0.0296669251927291,NA,NA,NA,NA,NA,1.90715947667544,2.65730887083445,0.0550957182150683,2.81411976113887,0.881531491441092,4.63651659440651,NA
"KWT","Asia","Middle East & North Africa",2006,NA,NA,4.96445477527613,3.58675919170668,0.020360033254721,NA,NA,NA,NA,NA,1.83579633180068,3.51549907531516,0.0441134053852288,2.32783046878977,0.841548041195134,10.1223298664721,NA
"ARG","Americas","Latin America & Caribbean",2002,NA,NA,NA,NA,NA,NA,NA,NA,NA,NA,NA,NA,6.69813269997107,NA,NA,NA,NA
"ARG","Americas","Latin America & Caribbean",2003,NA,NA,NA,NA,NA,NA,NA,NA,NA,NA,NA,NA,5.94727110181164,NA,NA,NA,NA
"ARG","Americas","Latin America & Caribbean",2004,NA,NA,NA,NA,NA,NA,NA,NA,NA,NA,NA,NA,4.78987234424564,NA,NA,NA,NA
"UGA","Africa","Sub-Saharan Africa",2015,NA,NA,NA,NA,NA,NA,NA,NA,NA,NA,NA,NA,1.52079108126387,NA,NA,NA,NA
"UGA","Africa","Sub-Saharan Africa",2016,NA,NA,NA,NA,NA,NA,NA,NA,NA,NA,NA,NA,1.92458973192733,NA,NA,NA,NA
"HND","Americas","Latin America & Caribbean",2003,NA,NA,NA,NA,NA,NA,NA,NA,NA,NA,NA,NA,1.43931638773318,NA,NA,NA,NA
"HND","Americas","Latin America & Caribbean",2004,NA,NA,NA,NA,NA,NA,NA,NA,NA,NA,NA,NA,1.48621581041128,NA,NA,NA,NA
"HND","Americas","Latin America & Caribbean",2005,NA,NA,NA,NA,NA,NA,NA,NA,NA,NA,NA,NA,1.27092954784666,NA,NA,NA,NA
"HND","Americas","Latin America & Caribbean",2006,NA,NA,NA,NA,NA,NA,NA,NA,NA,NA,NA,NA,0.876124641278213,NA,NA,NA,NA
"HND","Americas","Latin America & Caribbean",2007,NA,NA,NA,NA,NA,NA,NA,NA,NA,NA,NA,NA,0.62444555571159,NA,NA,NA,NA
"HND","Americas","Latin America & Caribbean",2008,NA,NA,NA,NA,NA,NA,NA,NA,NA,NA,NA,NA,0.621377662795346,NA,NA,NA,NA
"HND","Americas","Latin America & Caribbean",2009,NA,NA,NA,NA,NA,NA,NA,NA,NA,NA,NA,NA,0.645915099904873,NA,NA,NA,NA
"HND","Americas","Latin America & Caribbean",2010,NA,NA,NA,NA,NA,NA,NA,NA,NA,NA,NA,NA,0.855536176099116,NA,NA,NA,NA
"HND","Americas","Latin America & Caribbean",2011,NA,NA,NA,NA,NA,NA,NA,NA,NA,NA,NA,NA,1.21555539450756,NA,NA,NA,NA
"HND","Americas","Latin America & Caribbean",2012,NA,NA,NA,NA,NA,NA,NA,NA,NA,NA,NA,NA,1.53284986654158,NA,NA,NA,NA
"HND","Americas","Latin America & Caribbean",2013,NA,NA,NA,NA,NA,NA,NA,NA,NA,NA,NA,NA,1.45722645598309,NA,NA,NA,NA
"HND","Americas","Latin America & Caribbean",2014,NA,NA,NA,NA,NA,NA,NA,NA,NA,NA,NA,NA,1.70346523119662,NA,NA,NA,NA
"HND","Americas","Latin America & Caribbean",2015,NA,NA,NA,NA,NA,NA,NA,NA,NA,NA,NA,NA,1.82948735715786,NA,NA,NA,NA
"BRA","Americas","Latin America & Caribbean",2006,NA,NA,NA,NA,NA,NA,NA,NA,NA,NA,NA,NA,8.11950416979854,NA,NA,NA,NA
"BRA","Americas","Latin America & Caribbean",2007,NA,NA,NA,NA,NA,NA,NA,NA,NA,NA,NA,NA,7.07615834472834,NA,NA,NA,NA
"BRA","Americas","Latin America & Caribbean",2008,NA,NA,NA,NA,NA,NA,NA,NA,NA,NA,NA,NA,7.55137262876378,NA,NA,NA,NA
"BRA","Americas","Latin America & Caribbean",2009,NA,NA,NA,NA,NA,NA,NA,NA,NA,NA,NA,NA,6.49841079553918,NA,NA,NA,NA
"BRA","Americas","Latin America & Caribbean",2010,NA,NA,NA,NA,NA,NA,NA,NA,NA,NA,NA,NA,7.04665452047487,NA,NA,NA,NA
"BRA","Americas","Latin America & Caribbean",2011,NA,NA,NA,NA,NA,NA,NA,NA,NA,NA,NA,NA,7.62503000723705,NA,NA,NA,NA
"BRA","Americas","Latin America & Caribbean",2012,NA,NA,NA,NA,NA,NA,NA,NA,NA,NA,NA,NA,6.933043566464,NA,NA,NA,NA
"BRA","Americas","Latin America & Caribbean",2013,NA,NA,NA,NA,NA,NA,NA,NA,NA,NA,NA,NA,6.97049218580732,NA,NA,NA,NA
"BRA","Americas","Latin America & Caribbean",2014,NA,NA,NA,NA,NA,NA,NA,NA,NA,NA,NA,NA,7.51181277543954,NA,NA,NA,NA
"BRA","Americas","Latin America & Caribbean",2015,NA,NA,NA,NA,NA,NA,NA,NA,NA,NA,NA,NA,11.9211946363662,NA,NA,NA,NA
"BRA","Americas","Latin America & Caribbean",2016,NA,NA,NA,NA,NA,NA,NA,NA,NA,NA,NA,NA,9.95936743513965,NA,NA,NA,NA
"BRA","Americas","Latin America & Caribbean",2017,NA,NA,NA,NA,NA,NA,NA,NA,NA,NA,NA,NA,8.99359740357722,NA,NA,NA,NA
"BRA","Americas","Latin America & Caribbean",2018,NA,NA,NA,NA,NA,NA,NA,NA,NA,NA,NA,NA,8.98808610226173,NA,NA,NA,NA
"PRY","Americas","Latin America & Caribbean",2005,NA,NA,NA,NA,NA,NA,NA,NA,NA,NA,NA,NA,0.82609958019338,NA,NA,NA,NA
"PRY","Americas","Latin America & Caribbean",2006,NA,NA,NA,NA,NA,NA,NA,NA,NA,NA,NA,NA,0.695677149946137,NA,NA,NA,NA
"PRY","Americas","Latin America & Caribbean",2007,NA,NA,NA,NA,NA,NA,NA,NA,NA,NA,NA,NA,0.579730475955452,NA,NA,NA,NA
"PRY","Americas","Latin America & Caribbean",2008,NA,NA,NA,NA,NA,NA,NA,NA,NA,NA,NA,NA,0.434041413071579,NA,NA,NA,NA
"PRY","Americas","Latin America & Caribbean",2009,NA,NA,NA,NA,NA,NA,NA,NA,NA,NA,NA,NA,0.39974503103267,NA,NA,NA,NA
"PRY","Americas","Latin America & Caribbean",2010,NA,NA,NA,NA,NA,NA,NA,NA,NA,NA,NA,NA,0.275572057934948,NA,NA,NA,NA
"PRY","Americas","Latin America & Caribbean",2011,NA,NA,NA,NA,NA,NA,NA,NA,NA,NA,NA,NA,0.209281866855451,NA,NA,NA,NA
"PRY","Americas","Latin America & Caribbean",2012,NA,NA,NA,NA,NA,NA,NA,NA,NA,NA,NA,NA,0.192853194836673,NA,NA,NA,NA
"PRY","Americas","Latin America & Caribbean",2013,NA,NA,NA,NA,NA,NA,NA,NA,NA,NA,NA,NA,0.256098766168854,NA,NA,NA,NA
"PRY","Americas","Latin America & Caribbean",2014,NA,NA,NA,NA,NA,NA,NA,NA,NA,NA,NA,NA,0.300240274423276,NA,NA,NA,NA
"BRB","Americas","Latin America & Caribbean",2003,NA,NA,NA,NA,NA,NA,NA,NA,NA,NA,NA,NA,4.29827461888655,NA,NA,NA,NA
"BRB","Americas","Latin America & Caribbean",2004,NA,NA,NA,NA,NA,NA,NA,NA,NA,NA,NA,NA,3.96309234649808,NA,NA,NA,NA
"COG","Africa","Sub-Saharan Africa",2003,NA,NA,NA,NA,NA,NA,NA,NA,NA,NA,NA,NA,5.79781474554582,NA,NA,NA,0
"COG","Africa","Sub-Saharan Africa",2004,NA,NA,NA,NA,NA,NA,NA,NA,NA,NA,NA,NA,1.37226158481961,NA,NA,NA,7.87816575034612
"COG","Africa","Sub-Saharan Africa",2005,NA,NA,NA,NA,NA,NA,NA,NA,NA,NA,NA,NA,2.69100196218893,NA,NA,NA,1.656959541533
"COG","Africa","Sub-Saharan Africa",2006,NA,NA,NA,NA,NA,NA,NA,NA,NA,NA,NA,NA,4.96269727403156,NA,NA,NA,0
"COG","Africa","Sub-Saharan Africa",2007,NA,NA,NA,NA,NA,NA,NA,NA,NA,NA,NA,NA,3.164777191604,NA,NA,NA,0
"COG","Africa","Sub-Saharan Africa",2008,NA,NA,NA,NA,NA,NA,NA,NA,NA,NA,NA,NA,4.03177598806206,NA,NA,NA,0
"MAR","Africa","Middle East & North Africa",2002,NA,NA,NA,NA,NA,NA,NA,NA,NA,NA,NA,NA,2.80977138237983,NA,NA,NA,NA
"MAR","Africa","Middle East & North Africa",2003,NA,NA,NA,NA,NA,NA,NA,NA,NA,NA,NA,NA,2.51810436885173,NA,NA,NA,NA
"MAR","Africa","Middle East & North Africa",2004,NA,NA,NA,NA,NA,NA,NA,NA,NA,NA,NA,NA,3.41230367624209,NA,NA,NA,NA
"MAR","Africa","Middle East & North Africa",2005,NA,NA,NA,NA,NA,NA,NA,NA,NA,NA,NA,NA,2.18199330597691,NA,NA,NA,NA
"MAR","Africa","Middle East & North Africa",2006,NA,NA,NA,NA,NA,NA,NA,NA,NA,NA,NA,NA,1.64975184147097,NA,NA,NA,NA
"MAR","Africa","Middle East & North Africa",2007,NA,NA,NA,NA,NA,NA,NA,NA,NA,NA,NA,NA,1.8414510788656,NA,NA,NA,NA
"MAR","Africa","Middle East & North Africa",2008,NA,NA,NA,NA,NA,NA,NA,NA,NA,NA,NA,NA,1.28146592811335,NA,NA,NA,NA
"MAR","Africa","Middle East & North Africa",2009,NA,NA,NA,NA,NA,NA,NA,NA,NA,NA,NA,NA,1.11249505723326,NA,NA,NA,NA
"MAR","Africa","Middle East & North Africa",2010,NA,NA,NA,NA,NA,NA,NA,NA,NA,NA,NA,NA,1.28150298741818,NA,NA,NA,NA
"MAR","Africa","Middle East & North Africa",2011,NA,NA,NA,NA,NA,NA,NA,NA,NA,NA,NA,NA,1.14177416725321,NA,NA,NA,NA
"KEN","Africa","Sub-Saharan Africa",2014,NA,NA,NA,NA,NA,NA,NA,NA,NA,NA,NA,NA,2.53600747947478,NA,NA,NA,NA
"KEN","Africa","Sub-Saharan Africa",2015,NA,NA,NA,NA,NA,NA,NA,NA,NA,NA,NA,NA,2.75591003054986,NA,NA,NA,NA
"LSO","Africa","Sub-Saharan Africa",2003,NA,NA,NA,NA,NA,NA,NA,NA,NA,NA,NA,NA,2.52960997986964,NA,NA,NA,NA
"LSO","Africa","Sub-Saharan Africa",2004,NA,NA,NA,NA,NA,NA,NA,NA,NA,NA,NA,NA,1.686846607468,NA,NA,NA,NA
"LSO","Africa","Sub-Saharan Africa",2005,NA,NA,NA,NA,NA,NA,NA,NA,NA,NA,NA,NA,2.20593883973975,NA,NA,NA,NA
"LSO","Africa","Sub-Saharan Africa",2006,NA,NA,NA,NA,NA,NA,NA,NA,NA,NA,NA,NA,2.68113586651652,NA,NA,NA,NA
"LSO","Africa","Sub-Saharan Africa",2007,NA,NA,NA,NA,NA,NA,NA,NA,NA,NA,NA,NA,2.16929113061513,NA,NA,NA,NA
"JOR","Asia","Middle East & North Africa",2008,NA,NA,NA,NA,NA,NA,NA,NA,NA,NA,NA,NA,2.48181740393932,NA,NA,NA,NA
"JOR","Asia","Middle East & North Africa",2009,NA,NA,NA,NA,NA,NA,NA,NA,NA,NA,NA,NA,2.41482347717514,NA,NA,NA,NA
"JOR","Asia","Middle East & North Africa",2011,NA,NA,NA,NA,NA,NA,NA,NA,NA,NA,NA,NA,2.21720120512989,NA,NA,NA,NA
"JOR","Asia","Middle East & North Africa",2012,NA,NA,NA,NA,NA,NA,NA,NA,NA,NA,NA,NA,2.70879650443814,NA,NA,NA,NA
"JOR","Asia","Middle East & North Africa",2013,NA,NA,NA,NA,NA,NA,NA,NA,NA,NA,NA,NA,3.15083299585105,NA,NA,NA,NA
"MKD","Europe","Europe & Central Asia",2006,NA,NA,NA,NA,NA,NA,NA,NA,NA,NA,NA,NA,0.938236092668417,NA,NA,NA,NA
"MKD","Europe","Europe & Central Asia",2007,NA,NA,NA,NA,NA,NA,NA,NA,NA,NA,NA,NA,0.78277340562473,NA,NA,NA,NA
"COL","Americas","Latin America & Caribbean",1998,NA,NA,NA,NA,NA,NA,NA,NA,NA,NA,NA,NA,3.14141783739517,NA,NA,NA,NA
"COL","Americas","Latin America & Caribbean",1999,NA,NA,NA,NA,NA,NA,NA,NA,NA,NA,NA,NA,3.58045274088183,NA,NA,NA,NA
"COL","Americas","Latin America & Caribbean",2000,NA,NA,NA,NA,NA,NA,NA,NA,NA,NA,NA,NA,3.85426814261387,NA,NA,NA,NA
"COL","Americas","Latin America & Caribbean",2003,NA,NA,NA,NA,NA,NA,NA,NA,NA,NA,NA,NA,5.05782120879404,NA,NA,NA,NA
"COL","Americas","Latin America & Caribbean",2008,NA,NA,NA,NA,NA,NA,NA,NA,NA,NA,NA,NA,3.27550471176448,NA,NA,NA,NA
"COL","Americas","Latin America & Caribbean",2009,NA,NA,NA,NA,NA,NA,NA,NA,NA,NA,NA,NA,3.34239430669095,NA,NA,NA,NA
"COL","Americas","Latin America & Caribbean",2010,NA,NA,NA,NA,NA,NA,NA,NA,NA,NA,NA,NA,2.88332179650508,NA,NA,NA,NA
"COL","Americas","Latin America & Caribbean",2011,NA,NA,NA,NA,NA,NA,NA,NA,NA,NA,NA,NA,2.69913883617503,NA,NA,NA,NA
"COL","Americas","Latin America & Caribbean",2012,NA,NA,NA,NA,NA,NA,NA,NA,NA,NA,NA,NA,2.51745877278741,NA,NA,NA,NA
"COL","Americas","Latin America & Caribbean",2013,NA,NA,NA,NA,NA,NA,NA,NA,NA,NA,NA,NA,2.53558979073072,NA,NA,NA,NA
"CHL","Americas","Latin America & Caribbean",2000,NA,NA,NA,NA,NA,NA,NA,NA,NA,NA,NA,NA,1.18065131711931,NA,NA,NA,0
"CHL","Americas","Latin America & Caribbean",2001,NA,NA,NA,NA,NA,NA,NA,NA,NA,NA,NA,NA,1.15797875645527,NA,NA,NA,NA
"CHL","Americas","Latin America & Caribbean",2002,NA,NA,NA,NA,NA,NA,NA,NA,NA,NA,NA,NA,1.12909353737753,NA,NA,NA,NA
"CHL","Americas","Latin America & Caribbean",2003,NA,NA,NA,NA,NA,NA,NA,NA,NA,NA,NA,NA,1.1224845516016,NA,NA,NA,NA
"CHL","Americas","Latin America & Caribbean",2004,NA,NA,NA,NA,NA,NA,NA,NA,NA,NA,NA,NA,0.927567953245517,NA,NA,NA,NA
"CHL","Americas","Latin America & Caribbean",2005,NA,NA,NA,NA,NA,NA,NA,NA,NA,NA,NA,NA,0.807563360379828,NA,NA,NA,NA
"CHL","Americas","Latin America & Caribbean",2006,NA,NA,NA,NA,NA,NA,NA,NA,NA,NA,NA,NA,0.65635377831538,NA,NA,NA,NA
"CHL","Americas","Latin America & Caribbean",2007,NA,NA,NA,NA,NA,NA,NA,NA,NA,NA,NA,NA,0.574868888743801,NA,NA,NA,NA
"CHL","Americas","Latin America & Caribbean",2008,NA,NA,NA,NA,NA,NA,NA,NA,NA,NA,NA,NA,0.471349050560362,NA,NA,NA,NA
"CHL","Americas","Latin America & Caribbean",2009,NA,NA,NA,NA,NA,NA,NA,NA,NA,NA,NA,NA,0.529421738031929,NA,NA,NA,NA
"CHL","Americas","Latin America & Caribbean",2010,NA,NA,NA,NA,NA,NA,NA,NA,NA,NA,NA,NA,0.449870408195916,NA,NA,NA,NA
"CHL","Americas","Latin America & Caribbean",2011,NA,NA,NA,NA,NA,NA,NA,NA,NA,NA,NA,NA,0.548141198791987,NA,NA,NA,NA
"CHL","Americas","Latin America & Caribbean",2012,NA,NA,NA,NA,NA,NA,NA,NA,NA,NA,NA,NA,0.607672803503906,NA,NA,NA,NA
"CHL","Americas","Latin America & Caribbean",2013,NA,NA,NA,NA,NA,NA,NA,NA,NA,NA,NA,NA,0.586711573962447,NA,NA,NA,NA
"CHL","Americas","Latin America & Caribbean",2014,NA,NA,NA,NA,NA,NA,NA,NA,NA,NA,NA,NA,0.543860980456994,NA,NA,NA,NA
"CHL","Americas","Latin America & Caribbean",2015,NA,NA,NA,NA,NA,NA,NA,NA,NA,NA,NA,NA,0.656133105134016,NA,NA,NA,NA
"CHL","Americas","Latin America & Caribbean",2016,NA,NA,NA,NA,NA,NA,NA,NA,NA,NA,NA,NA,0.757529444249029,NA,NA,NA,NA
"CHL","Americas","Latin America & Caribbean",2017,NA,NA,NA,NA,NA,NA,NA,NA,NA,NA,NA,NA,0.784727335799675,NA,NA,NA,NA
"CHL","Americas","Latin America & Caribbean",2018,NA,NA,NA,NA,NA,NA,NA,NA,NA,NA,NA,NA,0.906284320855398,NA,NA,NA,NA
"BIH","Europe","Europe & Central Asia",2005,NA,NA,NA,NA,NA,NA,NA,NA,NA,NA,NA,NA,0.560310279878946,NA,NA,NA,NA
"BIH","Europe","Europe & Central Asia",2006,NA,NA,NA,NA,NA,NA,NA,NA,NA,NA,NA,NA,0.556009642819326,NA,NA,NA,NA
"BIH","Europe","Europe & Central Asia",2007,NA,NA,NA,NA,NA,NA,NA,NA,NA,NA,NA,NA,0.506025372551535,NA,NA,NA,NA
"BIH","Europe","Europe & Central Asia",2008,NA,NA,NA,NA,NA,NA,NA,NA,NA,NA,NA,NA,0.494714332693511,NA,NA,NA,NA
"BIH","Europe","Europe & Central Asia",2009,NA,NA,NA,NA,NA,NA,NA,NA,NA,NA,NA,NA,0.500103012287416,NA,NA,NA,NA
"BIH","Europe","Europe & Central Asia",2010,NA,NA,NA,NA,NA,NA,NA,NA,NA,NA,NA,NA,0.48410584534035,NA,NA,NA,NA
"BIH","Europe","Europe & Central Asia",2011,NA,NA,NA,NA,NA,NA,NA,NA,NA,NA,NA,NA,0.615862588987672,NA,NA,NA,NA
"BIH","Europe","Europe & Central Asia",2012,NA,NA,NA,NA,NA,NA,NA,NA,NA,NA,NA,NA,0.765795074224196,NA,NA,NA,NA
"BIH","Europe","Europe & Central Asia",2013,NA,NA,NA,NA,NA,NA,NA,NA,NA,NA,NA,NA,0.75179523708291,NA,NA,NA,NA
"BIH","Europe","Europe & Central Asia",2014,NA,NA,NA,NA,NA,NA,NA,NA,NA,NA,NA,NA,0.875092200207427,NA,NA,NA,NA
"BIH","Europe","Europe & Central Asia",2015,NA,NA,NA,NA,NA,NA,NA,NA,NA,NA,NA,NA,0.9247005137209,NA,NA,NA,NA
"BIH","Europe","Europe & Central Asia",2016,NA,NA,NA,NA,NA,NA,NA,NA,NA,NA,NA,NA,0.842875569705666,NA,NA,NA,NA
"BIH","Europe","Europe & Central Asia",2017,NA,NA,NA,NA,NA,NA,NA,NA,NA,NA,NA,NA,0.710860303843437,NA,NA,NA,NA
"TZA","Africa","Sub-Saharan Africa",2014,NA,NA,NA,NA,NA,NA,NA,NA,NA,NA,NA,NA,1.2162524841412,NA,NA,NA,NA
"CAN","Americas","North America",1990,NA,NA,NA,NA,NA,NA,NA,NA,NA,NA,NA,NA,9.32795208058651,NA,NA,NA,NA
"CAN","Americas","North America",1991,NA,NA,NA,NA,NA,NA,NA,NA,NA,NA,NA,NA,9.28206129332419,NA,NA,NA,NA
"CAN","Americas","North America",1992,NA,NA,NA,NA,NA,NA,NA,NA,NA,NA,NA,NA,9.16810961588785,NA,NA,NA,NA
"CAN","Americas","North America",1993,NA,NA,NA,NA,NA,NA,NA,NA,NA,NA,NA,NA,9.04091765200385,NA,NA,NA,NA
"CAN","Americas","North America",1994,NA,NA,NA,NA,NA,NA,NA,NA,NA,NA,NA,NA,8.87367230154601,NA,NA,NA,NA
"CAN","Americas","North America",1995,NA,NA,NA,NA,NA,NA,NA,NA,NA,NA,NA,NA,9.40981528845472,NA,NA,NA,NA
"CAN","Americas","North America",1996,NA,NA,NA,NA,NA,NA,NA,NA,NA,NA,NA,NA,8.96824270731327,NA,NA,NA,NA
"CAN","Americas","North America",1997,NA,NA,NA,NA,NA,NA,NA,NA,NA,NA,NA,NA,8.25447721203273,NA,NA,NA,NA
"CAN","Americas","North America",1998,NA,NA,NA,NA,NA,NA,NA,NA,NA,NA,NA,NA,8.12207351458937,NA,NA,NA,NA
"CAN","Americas","North America",1999,NA,NA,NA,NA,NA,NA,NA,NA,NA,NA,NA,NA,7.53497029050715,NA,NA,NA,NA
"CAN","Americas","North America",2000,NA,NA,NA,NA,NA,NA,NA,NA,NA,NA,NA,NA,7.0050656784239,NA,NA,NA,NA
"CAN","Americas","North America",2001,NA,NA,NA,NA,NA,NA,NA,NA,NA,NA,NA,NA,6.48092732208401,NA,NA,NA,NA
"CAN","Americas","North America",2002,NA,NA,NA,NA,NA,NA,NA,NA,NA,NA,NA,NA,5.70204759343684,NA,NA,NA,NA
"CAN","Americas","North America",2003,NA,NA,NA,NA,NA,NA,NA,NA,NA,NA,NA,NA,5.29588833446105,NA,NA,NA,NA
"CAN","Americas","North America",2004,NA,NA,NA,NA,NA,NA,NA,NA,NA,NA,NA,NA,4.8530729615469,NA,NA,NA,NA
"CAN","Americas","North America",2005,NA,NA,NA,NA,NA,NA,NA,NA,NA,NA,NA,NA,4.47266792816494,NA,NA,NA,NA
"CAN","Americas","North America",2006,NA,NA,NA,NA,NA,NA,NA,NA,NA,NA,NA,NA,4.25463248795273,NA,NA,NA,NA
"CAN","Americas","North America",2007,NA,NA,NA,NA,NA,NA,NA,NA,NA,NA,NA,NA,3.96999101834932,NA,NA,NA,NA
"CAN","Americas","North America",2008,NA,NA,NA,NA,NA,NA,NA,NA,NA,NA,NA,NA,3.73478990562092,NA,NA,NA,NA
"CAN","Americas","North America",2009,NA,NA,NA,NA,NA,NA,NA,NA,NA,NA,NA,NA,3.73943413685442,NA,NA,NA,NA
"CAN","Americas","North America",2010,NA,NA,NA,NA,NA,NA,NA,NA,NA,NA,NA,NA,3.65925831668715,NA,NA,NA,NA
"CAN","Americas","North America",2011,NA,NA,NA,NA,NA,NA,NA,NA,NA,NA,NA,NA,3.62241927146894,NA,NA,NA,NA
"CAN","Americas","North America",2012,NA,NA,NA,NA,NA,NA,NA,NA,NA,NA,NA,NA,3.47942016231383,NA,NA,NA,NA
"CAN","Americas","North America",2013,NA,NA,NA,NA,NA,NA,NA,NA,NA,NA,NA,NA,3.36780659924815,NA,NA,NA,NA
"CAN","Americas","North America",2014,NA,NA,NA,NA,NA,NA,NA,NA,NA,NA,NA,NA,3.15680300446439,NA,NA,NA,NA
"CAN","Americas","North America",2015,NA,NA,NA,NA,NA,NA,NA,NA,NA,NA,NA,NA,3.12106714039753,NA,NA,NA,NA
"CAN","Americas","North America",2016,NA,NA,NA,NA,NA,NA,NA,NA,NA,NA,NA,NA,3.01870863747109,NA,NA,NA,NA
"CAN","Americas","North America",2017,NA,NA,NA,NA,NA,NA,NA,NA,NA,NA,NA,NA,2.8878986430851,NA,NA,NA,NA
"CAN","Americas","North America",2018,NA,NA,NA,NA,NA,NA,NA,NA,NA,NA,NA,NA,2.96003877948932,NA,NA,NA,NA
"CAN","Americas","North America",2019,NA,NA,NA,NA,NA,NA,NA,NA,NA,NA,NA,NA,2.93438733530857,NA,NA,NA,NA
"PER","Americas","Latin America & Caribbean",1995,NA,NA,NA,NA,NA,NA,NA,NA,NA,NA,NA,NA,3.53609469503595,NA,NA,NA,NA
"PER","Americas","Latin America & Caribbean",1996,NA,NA,NA,NA,NA,NA,NA,NA,NA,NA,NA,NA,2.65996483449278,NA,NA,NA,NA
"PER","Americas","Latin America & Caribbean",1997,NA,NA,NA,NA,NA,NA,NA,NA,NA,NA,NA,NA,2.05769616026711,NA,NA,NA,NA
"PER","Americas","Latin America & Caribbean",1998,NA,NA,NA,NA,NA,NA,NA,NA,NA,NA,NA,NA,2.23228201781619,NA,NA,NA,NA
"PER","Americas","Latin America & Caribbean",1999,NA,NA,NA,NA,NA,NA,NA,NA,NA,NA,NA,NA,2.44375527246906,NA,NA,NA,NA
"PER","Americas","Latin America & Caribbean",2000,NA,NA,NA,NA,NA,NA,NA,NA,NA,NA,NA,NA,2.558199042431,NA,NA,NA,NA
"PER","Americas","Latin America & Caribbean",2001,NA,NA,NA,NA,NA,NA,NA,NA,NA,NA,NA,NA,2.32401173348233,NA,NA,NA,NA
"PER","Americas","Latin America & Caribbean",2002,NA,NA,NA,NA,NA,NA,NA,NA,NA,NA,NA,NA,2.20820904175143,NA,NA,NA,NA
"PER","Americas","Latin America & Caribbean",2003,NA,NA,NA,NA,NA,NA,NA,NA,NA,NA,NA,NA,2.21553739465257,NA,NA,NA,NA
"PER","Americas","Latin America & Caribbean",2004,NA,NA,NA,NA,NA,NA,NA,NA,NA,NA,NA,NA,2.12683657373766,NA,NA,NA,NA
"PER","Americas","Latin America & Caribbean",2005,NA,NA,NA,NA,NA,NA,NA,NA,NA,NA,NA,NA,2.03183310102963,NA,NA,NA,NA
"PER","Americas","Latin America & Caribbean",2006,NA,NA,NA,NA,NA,NA,NA,NA,NA,NA,NA,NA,1.95341765284919,NA,NA,NA,NA
"PER","Americas","Latin America & Caribbean",2007,NA,NA,NA,NA,NA,NA,NA,NA,NA,NA,NA,NA,1.85630940049008,NA,NA,NA,NA
"PER","Americas","Latin America & Caribbean",2008,NA,NA,NA,NA,NA,NA,NA,NA,NA,NA,NA,NA,1.61429485177846,NA,NA,NA,NA
"PER","Americas","Latin America & Caribbean",2009,NA,NA,NA,NA,NA,NA,NA,NA,NA,NA,NA,NA,1.3385676152212,NA,NA,NA,NA
"PER","Americas","Latin America & Caribbean",2010,NA,NA,NA,NA,NA,NA,NA,NA,NA,NA,NA,NA,1.18598973660201,NA,NA,NA,NA
"PER","Americas","Latin America & Caribbean",2011,NA,NA,NA,NA,NA,NA,NA,NA,NA,NA,NA,NA,1.15254327735392,NA,NA,NA,NA
"PER","Americas","Latin America & Caribbean",2012,NA,NA,NA,NA,NA,NA,NA,NA,NA,NA,NA,NA,1.07282235928229,NA,NA,NA,NA
"PER","Americas","Latin America & Caribbean",2013,NA,NA,NA,NA,NA,NA,NA,NA,NA,NA,NA,NA,1.09101140692974,NA,NA,NA,NA
